$ANSIBLE_VAULT;1.1;AES256
31336533373938313534636136343834306365396437396338326437363331343332663234353132
6439643336356439326537656138313861303030303739330a313161653166346337326231386566
66343431663533363739376264313537393636353932343665383831323532616464623938373164
3763643438393537650a396134646265313535353965663136396630326534623139343363633063
65306630363034373665326662323135633734623961386530633563613032623566613461663532
66633338343833646362383963386365326637646138663765613065633435386134356163663935
31333061653433623762336230373836346338383862323332326131336664313339633534623434
64366632376165373632636566633036666266303466633166393061366164643038353633636465
64643939336432346235656532616539386634303061333139613536373161316638633331666662
63636264653366303562643231646365636463653262653836363434373866366537643836323663
63333639313033643130373435306330666438623033666165356131373132663262336339363035
61313435333662663833633866656461353436613939663430653934646436343630376132353432
66643262663965313563363631373263386631303531333436313365396330643333633639343139
35636365636161313133383663363766376339366433326231343439636338666532346132383365
33656231396531313037323039383633383166326333653361613032666337633530636331303663
39643136306439383638
