$ANSIBLE_VAULT;1.1;AES256
62333830393562383630376230616337386236346337366430396332326466333265396134333365
3466316432626338633439626162643339626161386665330a633834663262316333396562656435
39623730666663303261303434306132653936666635363464396232363132653739636662633762
3266396534643962350a373530386163376665393865623261393434646235363237313036306237
65353365306335383831643864306134373238353232396665363564376166393430343366386635
63366135386337343762353138653336303466373430363037653132643762613463346539316232
32643430616166353731343839663961653430306139393439333663366162363564613638303664
35613264303631636538383232663333653234393533356532626237633939313834613839383236
31616538356331373335373939633439353337333836393661616531316164643036323862343536
33343762613166393435393865333763323333383438323230323137376662363436383337633336
61373462333039356666353731656130393864353832373864643065656536383637356264666637
31303964343033373238363963373661346634343764313262363139383639616364313531393634
61663565643039333964376362653737383861633462303564666639653936633137636234356136
65663334373465313066633438386630623061356265376366333435393737373237663934343732
64373366613863326133306532346366616131346135363037636134636438616138346333303163
64333633373237636666
