$ANSIBLE_VAULT;1.1;AES256
62393633393764336137346431333366613331613962353361663836356565616631353534636635
3936333037323631333231396230633161373131663031320a363337383863633765663634333138
64653632383234666462326461633863333436373733323865383637373033383335373737656131
3837376631336131630a623939663732313839383931663064663966333238656530333962656231
32313233316666313638326135663665323839313364346639636237373762343231666632623361
38343331376537313034626239396432346632396434613565383338353633356339653938333436
35366161663538666163653265636364303063663339336463363161663239333461656134653536
38616430653135653330386438363561326165646238663765623933653866613739646562383965
39366234623439323834383361376432613834343066613338343166663731333130666463373264
38643135633532336132356364333936323861656462363134656463376235393264663832373433
37626264633336393764393130623765636462316263346162643061346637623665306434343464
61613036366165393632613235366663613534633135396566386230343137353835366564333562
35616331393234663762663665336536396663306432663432373263353736663862333231643930
62633566393163343938396264623766373638333562653236316663343533643065323961323163
33653039366634393836326261316335313862366532363737323938623761393738323433666438
31353862643330343065383364306239306336653030333566653566653734393031613930356136
32323864643836323031666139346234666130656330656363613532313565613631303233363538
30626338386438313137383830353239346337373533653731386162373363653266353239386437
33623536623134386130616364643231643062353934303032643735323737343531626466646535
62656330323334343166343466656235643231333333613030666533613032373730393035373739
37383232623764646263396361646161666633643236616637313337393830383635666235646137
35303361383433373030383534306163353032323333303965346564646538666434343830323263
36386665376161346366636461353765616438643138333566626263316633643562613730373965
39316565303335646335303866633735316439396661363964363837366339303431346533663164
35653437393931626237613661323635363331373634383863643163636633626631616662376332
64313366366566393230643437626435373962363031656533623832656561313733353865303330
34373738653036336164306166663737656162313165353435373030356262316430633466323133
38616630313533653763656336373336326231616264396237343964306634313939323464396461
32323666333035663963633134323261333633626131313138646464303637396637326430663737
34376263353234386232376561613363346437623635303763356431626465643335393232356566
66636234633162393634346331376233666233653635663062626662333030366333363630613131
63376334323532373838613537393838396533663531353936366434613163646664653463353935
64343235666132356239376565613136303239666630343963643363383037666366666135373035
64333564383863343830643164396236353066616235643535303664356562346562366464393630
65323938313265316362643137376165366365383930323231653034383466613432323566383363
34306337383865346235643533386161313062373566613736346230646439356337373332613139
32613064323437626539393065626562376134333566323937653763376632653938346439373030
31303530623235363562326230343166326532343366653864386432313234383633326165313236
30623761313832663934616465383133613431336637323461393532306366363065633039333061
37373835366533656233383831393261393334306631646230623732646339643231333035376134
34323764313663313332626330366637376264333835303138643339366337333030373933386337
30316231346337366136386162666530623263363261623461616162346636633362353339366361
39333463653365373638636636613065623734396530393836653035613761643661626466623461
64623333616432623634646664333432373233623238333631626532366536663365333261363630
63333636306538306234363166376666343837326562646533343366363538623763353635353236
32363934393939383166353132616431326439383265393130643032313333633138343565633130
38316439613835363835373165643736353663313365353937373733373431633434306334666532
35313964333163376231333062353864663035306534643462316236346634373630363935353738
33343066333462313965626464653063336464396135356265626133343066373430353036626163
32366537363630373366343662383330643263613538353864663261393764313364336263613131
36376631316337613566313737383532636361313736303437636566653064636239656530313563
62616561663664393638373561303739376334663636383538356131366538383637336363613439
32336533663465613332663232366234353833343966313337343330396636373661653738356664
35306235326231393437316363653863633436303135353866626430643533306164313535376131
39393563613132343334656231323763373130666363333339376135363866343232633533633537
33353338396465663638373339623661663136353838653530373537323833353663373865343236
37386261373934386464316536393861343264366335353561623963366530356437336131613930
35613233376639383331373838316164633634343931356663373836623162343631373364636133
39363463363538346438643561666137386435353164643837666339326434663633323737613937
33343734646661663434386232393236646562306230336137663861633935383063376637386631
31303730326564613434363361323536373361663232643563343734323936656361303561333863
64346534653031353465373537663836343134356465656438393364633736363065623834333363
64346236626636316266646534373634373164376437623434316232306533396132353539643638
63373635343231353236323839663639366532393861343135373739653065623538343662616639
31393263653837613664653438643432396135663230306433393039333337366462343761333630
39313630306230353431393261373765626132343730306335396633366235353435356130306539
32626334343966663635653964653432383934363162346337346637646332333538366531316138
35363930383736326237633462663635336362353631323732666536613265633564353230633762
38626132316238646235643533333561363533316166393830366330343066383430656264356261
62353036336263333038666462623464636236386331323333323161653835356563383066363961
35316339386337303132613861393234366236616238313531323261656666383031633762316462
30656130316565643364306363353133393061333863643633346230356137373162303065306536
35643637636238383230363530623336336536336437626631336433656134343865323432393565
66616137383966656539613166303930623137373434323833616634363332666439646565313335
31326535343437663161303263636665653866316263333632666330323865326463343762393862
61333231666362303332613335643739313532363234316264663363393561646361343362643562
33313935333238636331303532353761636165343264306630383236316638393833386262663732
33306636653838326362623034363463366463376538363861343936383137313864313734663266
34666332666265313466373131316364373863353861343865336161393062363039326262393161
31383937343662656561616134626162303963356239386666396636323037323334323165356637
62393064316164393131393838636662663065636165623339363162316233656431356330373662
35323066333962313837366338393561393837323932663562393732613132666365633031333731
62386461626436366333303231353533613233393032396238396466306562313662373964336632
34323765323234663133623638616662663166373962326436323131323666383265303266326535
36653161356437383139616633383137643938663439653463633633323364366533383664373232
66663862366235383239643735366639373038323761626134303964653664626539303632366237
30653137636136346562646133363434646164356438383836393236343266663466356334313037
33306532643636623839333062623937613961366231643236656135313066643566313463326231
39643830303665343362333430663362313634363039353534313035333831343362663363653231
31613732643165663130656230333637333033666235356564356134366231356235326564396633
35643964313261343736346165356166636635633231373831323539383639386365323736326430
33303430373966366361343664623332316632633332636261353139343136363436323037376163
66633865346438623234663831616335326630313062386132316135346335653533393633316663
34623139616163313930393261326462356232393035623363643263326332363464373434393634
35636561316635353834393534646363616665353166366162333463313532316539316330663936
65616538666561636662323639346261373266336433323934303262316533636533366533653964
65386562393032353264373965646432383434323439313630343161313533373637333433323730
62323963386238383639386366313763383664386363333533303439393638366232336366653461
66393631636437336533636136353731333362353264363031363364623534646433376562373733
33376439383138386137666263646334353530373530336331386664326330626563313963343566
35653837323437313436616461656337313038366438366634333535383834366633376333303139
31653938663535323630656330346538353163656232353638383263613335336233333162623764
61313764316438336661386131396535306264643163313631613866633232353831643737313263
63643536643436613238386666346331303634306631636361616531616366653061386637333338
35643530303131636635376538623362313165656637333134663537303564373162356432326361
31366334353031303130613739376635333437653936313032383862323863656332396431643237
34346462326637396432646338656434353136363630636236656236386663356136396633346530
61323165366130376439653461633566373662663032653936653531653139333762373639363230
39623661613338333731373938623264366230663362353332386436396535396239623731303463
38376164396362306164333636633735636334393531373738366235303063313132613638333736
63393132323538643631303736646430313939626531303861643864613136623565316566616431
36326462653833343332643963373131376361303666366363663733643931343332376462306533
66303836396634336232383330386565353262343231336635353430356632623566376235393035
35613732646566343461636464323930316536623831653639303366626366366261336261656531
31336438616238373133393864346431393065326164366636346136346533336535616566353131
35386336633830613563386238613763333036303037643431306461616435623831626562613734
38303532666632643235346564336166633433643038323062373863303939383034326165323436
65643532343736313261663433393464656532353230376139666262343439336232343065336135
32333036613037616234353262346535653536336238633130356166336532383765323863653135
31636264303264393966393839313736663565613233396165316564366266613464323037646265
63336333353433633563333665336437333038346161373861323634626638366238333632636164
30373731303433643034323561633666623330386661653162613763346337363135356462633731
35653161656334646631363733353663376564356363616632376237396462356536623834396538
64306330343063626436626131613565303538303631393035366238383662643130313161343764
34363433343830636666633464323434303165396530626330356533346535393036623930393430
62663335363939633664616437643630383165386532653064303839336563656239313736383437
61373065383966616433316339313538663265646661306634656432333564333337356462333332
31373531626235303266623534653564386366303238333736613231643161386462666133633831
36373332626665383139366139623764626432393433633162373633353031373731306465613432
30613533313165663764343766363634613237613132613665306436613865313736393931326533
36613134333164366664336339313637343534663636393332643063383464663235336662353161
31663362303662366339656663636138633265653638646561343632333866363339366239663361
34323764636433646164663264306132366366633965343165623731303866626238333666613539
35653238373866663264646436316633336264663033393637376132323564396436323165363037
33346666666266343665303764633934653430636137366666393731633333643765346264623763
64323133356139326439336539363136326364326232306462346539313435653438643536343031
30613036633837336666393438396530623462623866616165656164343664376262323263663339
35633534313835653865336133326537616130316461383261326463343837383765643064323965
36653735643434666333633336626638346562663365306462383537306264333834356633623261
64616234313166333832393238393130616566363236653734376437303335366362633132303236
63383664333734336334306266306162323863303561336434316533396334653838343030386261
62666664366665393236303833613464653938333266316232633964386261306134326336366534
65323064393430306262396462333737316136653966396334613935366263313131663732303661
32653038376234633834393935323663313163316232343563383238323362313333356139326439
38383662326534346165623461313431323133623863316536363261633464303732343461653065
65343336663963643464306563333466383535616662316633613537616264323538316337313435
31316465383739356430346139646366326631326534633437346334633762386637623530633936
31623265366232366264333930333535306564343862613831636461666339343931356338343531
36623631303833303136356234346163633234613837636632346361653738356663666430306531
37646334623733313134383266373433666665303539383665353631393835376265656461343834
61313236366562303037393065653065376630396433636161323765313863313662326236343539
39303136343239323436
