$ANSIBLE_VAULT;1.1;AES256
62346132626162313232653536653438343037336564356132633934653930316562326433643534
3862633131363732656130386165666332313033383230370a646135636430383332663730653962
65303634303265356234333933646433656433393435623962326161663164326231333034336531
3835653933323333370a303833343035366631326166313664313231663461363461376164333762
38393131646561663963363631646339633161393235303763333435643532613766363063376432
30343466326139373933326561653039373362336336336266313234326237623239653062333735
30663531613963366464366463626263316431323065616637313634303235393336623466633833
65613937346366346534356130363936333439613533643930663238376434656565633239366634
64383365633132366266666465326161386138396166646131386461643138333931393666383762
63623330333530373634363136616430383961373063666331646539326134383830383938383738
36613930653538376139623465323762656261373739303166663764656339613039393364663731
37656635363235333633393934396632663831396665376565313164393336366364363833313333
32643663326432323361636365356663643065373632373065663263333234303664383439393134
36646237383566396362373861393862663030643533646361633562393333363335663866666531
32366565363261343338383463366664323936383265633535393963303438663430663034306435
30383531386364663937363931306633383966353566313363393965646531333435386665653839
61343062633466396662343264383736636431363765323137346561663938353861633362656634
36363665343264623232613362343761623833613763323537393035666165393732323738313439
34643864393361396136353937313631646536313866626531393635396434333639303032343338
37383633373036666235623238343331326631373636346438636232333438383034363461303332
33653162613235336662653961386661393838613435386133313937373437313732333733633531
35353539626436383362613339343834376235396161323831366261343233313039323935303337
63613839333039316263643466386663356664316634666539376232643136626535313131356631
61623066623333313037333832343964653035626232373732336232386666316436366239383133
62386464393333356431633466366534313462656161333939363634383261363037653834396236
34653730333265663433643164386237343463336661303734653362306166663730336233623037
34353564373139633832663939613834393934343439303438616262316137623464623166326364
62373865323234306136653262333032386638363237303865646463616163323935613233363662
33666564616330636361316635613034336534303939656632393637336434383733366363646664
30653465343734316261383134383162303564373636356239313530303764313434623262613831
37323062326266386239346365366336653335383764343132396163613062613631303661306133
39323632633934616262626338653832303235663566616662663731303232366466393233663639
66663432366233373537386339323538616631316463383364356133366335343734393464306662
63333230303739636438633436653735333661363061333064353236323239333461653764363537
61653834613261346334326239613633393162366332623861643134373837333738343834363838
37346662306537363530616164633763336231376337333935643261333136326133633733393734
39316533303666646139396465663931626135616338353233373464613838343937356236613832
65323937653832626632613366633133633062326362663761383862623432663035303934383534
31326339343138306530376462333764343131303835633762336562653338663731383530333761
64313961663965323338
