$ANSIBLE_VAULT;1.1;AES256
34633163353664633766313562666635663764666432396263386239366537396366343433653965
3939333664623035363638363564393964633637626530620a306666386332396361313534303063
36363965653235313463666231326166333338666266376437323432343535356239396137353135
6661306333386236610a383634623561643461646633333637373763383535636539386166666362
32646461636235393765333966633636353834306631323235393765353362623939353138663038
64623732386432656631356538393832363764393765316564343131643734623831363561613833
32393234353834333831653361363231396531616261303063363439346633353131333061393465
37396538386534613337623661653130626538316435626239636336653863663131623639363039
39633863636165313836356263346661383864326630623032373464613335366462383337653536
30666662333132616164313437663762313565323534333932353964623338636134666664643931
38323939383830373434396439346234663335633232656266656132343334626132306336363134
64643133643130356237313536386330346536316539626538343833316639383036366336383564
63633433333866363930396633343132653134323666346131393064613066643666666465393337
39353634303236346131393134323865303665336530343534613938643534393161346665376339
30623665646466386563373131353932393162656562633337366238613739626334333161363465
65663664616264613330393262613062653061313565633435306365313566313337613934346239
37316362376630643537623131666138643131353431656562353239663963356234356633626437
62663333613938613533633338343866323762613339343430303364373164373834663664376661
35656435343662653165313335393833346562313036643961333661616265303866646662346239
34323566663334376462386439303832666465306431366662336636303836613633366138663235
31313331353738373234333862366337313234396230313438396662666132386561326265376132
65626431353235333131393538326137383831653736663663316435313633316261303438633065
35396333303134643663646637303232303738623637663730653136626430653138393635666338
33626261336463323335623464323030643061383763383933643037663964623833353566663964
3861
