$ANSIBLE_VAULT;1.1;AES256
31366464666135313364353535303235643065333432646365616637646137363833623433383934
3063353464393266306261306536656632346661303766370a396561346263643065653938626466
63323564383939306661643063356330383966346136393830373539306164393131633461316161
6537373833646436660a383961356265393161313333376130666334383062653232306165643334
31353366636262396163343830643136613536393537376434306261306266626261316466613332
62326138383137666135366336643338633933393039323364333935633235333965373436333935
33303665313863373137373435643139353865626438623631353738343131623831383137666662
66616431343061666434366235656538323331303162633331653633623735356564353838346239
38316432396630653062303839323035396665386137373964313232376430666335663965333439
36346466393930333365656666633663646131363232356639393562626339373639376233316631
38633837613632643864636231306164373734316162643463646462386137663263633934323637
62346635366430613363393232386265616337616535646131343763663037636332633462393730
35366531303437623966653865366631376139316130366665356135376435306164666637386331
35363065393039383134653132363439313736333832393235646566656133613634383037393333
65373265356637306331306238636432303035323831613836616234363263613734363636313765
37356131353964386465376339616136396137626165656432343236303865623033643465656663
36653263313531326135313266623936353733393037353539386235353035313766396634616163
65396466633161363961633031643561326232386561623239646464333063343436323030623166
30643839663534303131626435653032613138333630666433653665386435333163653661626465
34386463383263616531623836303361356337623735333365626261613666313535326132373737
30666461643537656538333066336434373962343663626136636239353738376538643035656131
30306339353436333361623932626266346166633835353861363164653466366638663933353235
33626239313734393639633236346364343965393438646431306432333966376333393466663531
30336261333136363239
