$ANSIBLE_VAULT;1.1;AES256
34313366663661313933383433346232653561646333616461353536353364613666326666373538
6364366265336462633264393538616232653032313061310a623532303762633663376636306663
33343936383132636561663333633939336237303564353930613935363533303862323535666237
6534393537626137630a343963373433386632646538636535643535663761373738353564366237
37306136356365626437396533373962646364323666316464386162623537373135366361353130
66313365346238303462303462373137333836656634663839616139313336383137353966643362
61383038393566366532383762363237343961396237373933396234613537663261356639303937
62646362636333326533336439663564626461316335633931383332346635373635666464666330
31376266373361643866376634653039353737663831613333353030346337303932316136383138
34383263303132376336633333636338653830366136366465373962343535373463616339356431
35333834303136346436643530613637346263643163323265383431346166393034373337616335
66643939346362353966326533663733633931616661646162316232336165643139613332663331
62393761306338393739353066386235306639333961656137393963616532353032393862346539
30623364393232386539343837653135636634656539643732353434623739343363373564386161
37383436626331613132646137623165386136333434313431386664303532663030393737386365
62656666636364333866386364326230393435383865613766396534643335393363646130393331
63373663396530353566396136323833363935323165326361613235306636643130633638376337
39343161623931373732313766646631393534336161306138303934623432343336346465353963
30626564383138643133303639666334623162383638636531396566666662353565343837643330
34616135376464666263623335626537393636353035633731646437383661376638643031306438
39396230343130306661653737663636613263643737663135616363626332363864663561366437
63363438666366646663626562633462333262663532356534656538323935363633373434663038
35373665626665303065343664343339346461376639363661326332623936666330313366643639
65633938333061333930343130303639316262393936386535313961333162336138626566303636
65333132353935633665333961373965366333353837393739353737366439303239376363613437
61333536646438383066373935393964386131303333336134366131653230613431656462376137
66326162633863323535393461393331653039336163616634626233316331633138373438623264
63383135373237333730373236353130316336336433666166633266633566343132313133653163
34333735313662326661323635636434386266333166663230636634346461613735333531326263
32346364326466646538316639346266366361366339306364356362343639633766313566346531
33666461366430663230633831323430373836353534366139663664623339363463323830303231
65336232333863393536343336623631353039323563343336383835666666323534623465396239
61643363663730623764386364346336336466613431396365316265313364396637393734336561
39346636373561626232353364313362623235363434383162343333613836333734386431633730
36376532316565633366663234316663636365323531643037366433653231363532326362376161
31353438633138653661373137343933306530333634346464643665346130346437616664356131
33386330313739393935383734333161363430633733343435653835616562656232373032333834
37323839373631396437323636306465353931353164356366653564616130396434333662386135
34393563616464386161373133376566326534383233633165363263383334373264306435376336
66303437646630373835633136656635333163323662656666643863323964343164316362646431
39326463636332666664316261383063313561393534383130393233316432646332363766306333
31393535313235653834633061333737613561623861666139646262643238663766343064393335
65626366333465353737666364613363626637376239316337303637623535613963376630353031
62313235353030363232663966376264313339323462666137373535373935396432613333653034
37323933313231643230316463663335373934326237613131653539326436353630383765636339
35633232383636323962613763373264623539336461343236373836643966653362343134346637
62396465653231623637313765653938356232303336633163333662336563306635656666366537
64313164366530613632666237396238383435376232633239323236653730396265663664366362
33323437336236656432636563663430383661333738396161313534313732376132646638653262
31393030383034323662386161323865373238386164363935653936383432633964396161323762
65316661626132353433303962303162333334366333633338613661353164656365633663373932
39326533616132386166336466363463636166303462653232643364373237323330393933313138
30653433333261373732376265396335333733643333636133613930653864653461323264613866
62363030326436613239633237393966333661313536656132366231316634373939353931636166
64656437366561336539333136653231623232353131643661656364393833633337626234356138
33633838353431393436613066616633613731656339663464366332383664643637633336663938
32643561646363613837663232373031623236613439353230643137386130636538366231623732
65656365653238386131333731313732373236343863383266303632356131623437613366663031
62663731333539633231353063653835613834623061346531353062353638323338383961336466
32613730333061363135663232386366313338656132643134313435646135383332363566343738
35376564316132366134306634356330303265343764653038363139373436653636376138653165
63623937613861386135333333646332333439333261623830613938393562643064616638393730
66386137333266633035623130613965386461643063653463396163343662343032363731333031
62653363646362383362383463616634333463663032356366396530346139313263383338633633
63346439396130623164336664643534663330333535373161333662323563356539653434363565
35363131323966333632666533663061353230636136636639643236316631343432373432333435
66656362663939306666393134386337333163376363656139373362316662383565643731623263
33396161303165376638343030373331346339626561616136646664663637336436383265643063
33633939393530613435666364356337363830343035633762353836643038323139326462363630
36366663653161376233353833643730376261623834383138623736386464336335666139393732
31316664666133613836386464313864636362306238613663366235643834336466336231396139
36653966303039343035653235336666616132336239326330313131313531323132653664363562
32636166373632373433333933303161656466323565623164353330363261663061616533613732
35653832656539653432643932323538313537353334623434373931613437613431316464313338
64313366393132613866376565653032376438376338336234396465393531363730633036616331
66373236616533643962653364636439666238363935663038343435353166383634373365623463
39383033353939646635303534383230303565306537663261633432336166623032303239626534
34363231363135313363616636366162653061373466323962393233373334663538346530393530
64336333326461356339616362383430306333353835373536666563653133313764333538316238
31666332383037356466646331383966303564333339323436373262326432363966323030383033
35353930376265633564353130366664386362646164373333666663313433376234633765353735
66633064356236393837316534323234623232346437346635656562656363313636353562333432
35306330386364366366623466373237306230393066663765316335333939616431366535346538
31623766616135363134373762346435363734316630643137336330663336393632646332363966
64386139336332653832653962393263646165373139393264373038333665646464623133396533
65636538393930613362653132353661643565353362633236383034393039333666386131363564
36616232376262373832343562366433653563626335346434323762643032303363303938303134
33636661653138333266333033363963616630623430636639386265323439643838646337656532
64623732393238363765643162353339633862653366316631373664383437623561383730343666
32666131383164643434316231636438323866313533393634346635666261613931623664303333
37666137336161326237383462626138393939663664663334616664386639383035336537363764
34343966666464306265663462633664313761306365613337393864376137396366303830303137
38373837383566333636366637626463613734343139356166643534396437643531323937316163
62356638326331636536633561386363383561626133323832373439306564346466366261616437
39613131333264303139313430393330346262343834303264386263326430343230623436383131
38353566363138663633646539383132363232643561386531306635376564643666353761333735
65373238326666633465393535386466343764353038646634313635663037366364663435313161
65646130323063373132343364393630643163646531333133616637353033363664336163353134
33316338633934366263613366353237396336313133376136353361366563383631333133313037
63656339356262366630313863623933643063386139616263303061313663613336373235323166
66326335636137343235363163626538613937666365646339613932346230343263343332663035
38316537386463313030616639373433623137663935643835373863656334343263306532396336
32666261333030366433353330323630643566333435613432363665636362383032323932633635
63373530353531353733303335323336633065643531636333303533393437373561613234333335
36383162393130663462333936666230633835396636353063363236643261626330376239656265
38366537393761336431383137316635316261313933656636306366316166613830623332323134
65323466626531633164366262323234613835616236363232663862646631613232323639653336
35313436323239633266373166386135613666633464366534303439316438636665666261623461
63623239323561366233633566396664313364393161666630626666356564646334613734333139
30373039323165306331653563646537623131386633303864663461383538393433653065616430
37626333323630316466353736363961353861393737346265393138333337386163373834346130
65326663336165316636393636376631343135356337336230613336393338383633643964306539
31653431623162386131366433323133383336323835336562306531643364313233346238343265
31356638353164643234633034613266303365376666663334616664393130343438623966663131
66343339633032353466363034386265326161376638393938316235323464616638633661626638
38383335333437316432623736633462666661306230646337336530306364386364343165343533
64303638346663336265343161393432373933336538323965626336353764653862613463623864
64343565643231646438303238343165333662333131323438663964346331633566346431323638
61616636383238393762653339383564326530636338333537643030383261633263313234336463
33633231356138656239376632663266313434306339383564643861616632613130353165653762
66613966653036343330613962303231343139663035376638383364333464633434636135636565
37366237353630393834383666383863326462636539306263396230653833356664373033666233
61646434663634386165303465653733303231626365356332643536613932396636373836393131
34653730343736663663376665316130303231646133386335646362616233623830393364326432
61393732666164613236323935633561663230306462646565393964383435373930663461366230
31636263653630343130623264376531383830353234323239346537356132366330313734333063
36636339363335306433353530663039343138643136326636383735613438663565366330643962
32653162646463386332343435313731396231396161643362333136326331666461663564393963
32333063633230663462393962313263623362333036306130376365376331366535313834633130
32366363346339646430633437306262303433323532363035323663323365323737386139386465
39623335316161336531313232663735653639323431636535343163336561363636353763656530
66663130323035333638323064646133643731623834396130363932666131626533613537663637
34643162396261663162376137373730653865613132346236653839313039623066393965366634
6564653736633636633462333435376432613661636561613431
