$ANSIBLE_VAULT;1.1;AES256
39353739313863343730303138666366346163383332383064643230313837663737656637636263
3963653133656563653234303333313436626363666366390a666265386534303536326531623665
31313865316337383565326631386438666636656431353437323532376338623864623037363338
6537393437616334370a623961646330653238373864663535653961646432386530383739333339
35613839383331303763303231303834353261376661313163616631376136646361653135646335
36643761343938663939623636303866616139613832383337313935373734396362353330653634
63373266616339356161356133306134323537633031323562643934316662633531326464373831
34396263663436316338333662633038653536616539656435373261366463646263306430363764
38306462303166666239363332346166646362353732363963363732393235633862656264323035
63623339323862383538393135396463313366656336646661613032623331656637313763356639
30376661356639353038363733373632336638373261623562663664393437663737353239623766
66613539376230313066383035383961636663613663343463373731643930343438643764636638
34326266376365666164356230636438396136663266303637656165656162653061313235646461
35313263326366666536316132613563653562386564386537643132626137393437303066636664
35663466663639633138376638363162353535333335316536373236323565336666336235623262
35663331356661663637
