$ANSIBLE_VAULT;1.1;AES256
32626438366262646565653036666665303661643838646337356665623738393065616234653962
3733313964363230643962356661363631356166653762330a336131616437613365396630306433
36343664633631366531393930623863373939323666366639376362353566376630656365643433
3161643936333238620a663732376636646363653633346466366334633730356533373534393261
35663733666339666432353265613562643562383534343435653061346632373634363064343635
32383964646163663062633539393438306335306638356435313265303338386536643637316237
32633139366631393362333638363434303830313332396465323561663564356565663830393761
63343966613430383735376639356438313363346537613733343534636263306131636634333631
35633661336333396533326332613231623764373361636236663430653164343732663965656363
62383838623739396562336361643332656236663036613034633031623765393036366162383439
63616232663332323639633936636164343866373664366565376439303631336465393163323637
64356263613631643434626633396261303463303039306337316435386637343235323933376361
61363563653633666136663135303130316531333362643762653632373836386336626165323732
62323665363931313364663864396239373136306630383561666466313964316163663337616465
31666165323663353266663830616437653039363635373863303864653638373930626462316536
61666539616661646234663730393537653839313633373663643137663662616632653231646333
37313537313664343162663638343531653730343635313833383435333364666466663863643936
65383462396332373236626162376263613135353432646263636162316264643039623131383936
643139643430396533383638653639336537
