$ANSIBLE_VAULT;1.1;AES256
32623234633430643537336361373937383839383038643166646538396231353832663334353563
3835666232656230336661656362666465326237613435330a346437656366323635616139393564
64623637613231373030636335653366653230646166386232356432393634663836376439343831
6665616462316531360a303538666435393164633534343866653064616334633962646666663935
65643633613361626331633231396535633137623835633363376263353266333636386131386336
36343062303833663734386361363061646562396566333634393762386334623261316335303036
62636630383830343031373631386637333339663032646166643762393236366465616465633666
63623436396137363130653836383234633664653664313465656563373138383366616534616362
30336532336363376563366334376662666337343961653262336435323134613563363762346461
38303961653063366463356236333065666434363462666361616535636434643230373165303134
37343734356262336139373830653832346334663265333665343330393463323931313266346337
63313665316635663666346466653062313435373037343838333063646431643135356239316531
65353438653232313936313734323663326333333631313937643935613234613665363733616335
35353164643839646566373765363337376566303539333638306362333132346432323737323430
37313238356462303761303837323239366133646438373132373039663932323330656530386437
37636235353737616436363730326532313536316331646461303931613930646134373161363238
61633534613036373039316366363137613962653539653231616633326337353332363838656438
37643535336361653266316430636630353362316338363664353866383838623435343531356362
62663562646539363137383034323763383539643532653264613765623033666430376137393432
30623733383434333439616138666162396333353031396131656631383563313336666635306438
63326436643030306638613963353635396162353332363837643139383162626537306362376565
36653431336438376533353861396434636235633434653366666136653263623462633066613739
61653039346261626136656634623832313436356539336665303232613062336265626432383037
31303536303035346562616666666266356634383139313237333730633638363539303434656630
31323933303239656234323134663138646363343839313738623361373230613935666135346363
64343135333932616232393132666632376439653834346164313439363035303338393363633337
35316138383765386565333365396335623637356337656535373936353465303835663038323738
35333934633530666332633236376462343634653861366632333334343732353731643838303966
63353831306161626136623865353530663839656337393935393535383432353334613265376532
30373136383966646537376136323761663833313861663135383138396634393439366561303864
64353630636338303833366235343638356634343039366533326133326162643531613961376438
33373738316337383038636434303733376530363663636234313736393264373664666439653265
34306232333335313931376636623063396632646230633065336639656366383731306463396333
35303233666563346366333866303061336565323734356261346238613437623936663361626434
32333532323562313035343863363361613665326234303864393665373365326163333562313834
37306666356166386132303736303835643265633034366331376564373161303439333765343763
34376361396230383761663130666533616438303964343239393236393233623337326463326532
32366466333039626333663230373534336437626536343339643562383937343164616138373465
38336462376362396536306231386133666263356434653264313963303834336331346538663462
39353361356334636236653039393938653930643764636261613536376230633764346462396239
31356663356438636663363262336565633262656334373038336637613630396131656639366361
66643964623561633337323838373862326436613963653064313837633361343030666631303437
32323033663635306631666164613933316434353738663832386161373131636366373365376132
34623263653333383864633730616564663633396439323531653762386537346262666632613866
34636464656661316637353939386535626630326234396231356663396337383737306566393531
64626565623133363162383332396531656536646135663830356161353063653033356432633330
62626164663637363764376238333362323063363837306532626433643339386366663566643336
62363235353962636634363766616435323866656134393131653936613263323463386636646162
35643463666637623031303263313330346232326230396166343132663239626364616130613934
39323239653236616339653531646361353133363337643062663266393437303861343365353936
61366463613735383335323736613833316634396435376532643832386265383533393934366265
61626363323937346433313063323934643630386166663035336537326239643166656562306361
36323133303838363364376435336633333763636266313031306337386262393537313163313133
64383437346564333532313936636437393933306536656632393031303664653131373365303964
65663165363231666535316233373339383365333730326665663263383666343561313663663666
30326237313930646335366337363936386462633033383838396464343964643137303137313735
35356539636233306566383532646465323537643965326661363466396165613038373830616365
36393039353030636264613431303464393131633533336462306636663734343033613034623838
34386363303132663337373964623664666162636237303766633732623164333765333533353037
35396234623162396434343461353466313462346261633237393330373737313635316361343864
38343533643336616138386634343238623264383365383337323437383861663136666538313432
37643962663036313534623837653265633065343733313836626364353136363163336637346563
36373532626334643539343762363433646165383139313136383333643032326433303735363862
61353334356439306237333837653636306138646365363537333761326461326263393666623962
30333939363161616532323633353130656635633766346361333336376666616131393966313337
63656234663239303934643935643861343932653030343939386161393166356338323031333365
65633138656261643134653765363632333831626463386436373265343037313065393164316537
30666464346263653239663737343739616237663331636232656561656134386564636664396264
62386234326464346265653431656539633339663265323238333737373865366231356138316462
33393365313331363839326464313761633239663730633738333931303930396631396365633234
64336461396435306563333034613664356561326132356262663237386435363764613737623734
63323262636232613339653932663537343066666430313432653830313839333061373362356365
38663162333138636236656366653430386138333638363965613935333038336539613436306632
30623566393866653135383330663162306232626361383961396336323738316336313535363332
64643061306362326638313462366164303965396236663538376636393438363564313438326235
35346434636665623161316537306564306664316362313638323135393665626638313230393935
62386633316233346361336335623331643466643263646363656131353835326230636363636466
65343937383039366237356534363664346239376530336536633065343538316236323664636163
62323838656433613565343865626335633863613634636464326563346230356639656134323265
61356262323132323134643363633566373761366539373031346233326361633034316239616539
39643962646462316433333932343838643161636362353065633632623666386636343139363963
64373864303964663864306539313939633338333238333731336363356133323337373365333364
30373534373533623961336334323832353735336363333933663233383364333630313030346662
37363532653138343732363738663865613635613032333639616337313235656161656163346164
64323763656262313065613464343436663966636631393762333334316435346131303736643637
61343337353834316661336661653462616631666133613563633634363435356531623038636462
65396362643165393634653863386633326266663138636462363164623064643966653533373631
30353537323464636136316566303330653539313135633139383865306139636161663739376130
36353666333935653531313834313362386637396230323264393264366638636165636430383139
37363661326339643937613031663538656161303162356165666164366533323965633436653134
31643837396635396130623739613561643763363961636139366165353164343935336563363763
36626366336431306434366662653030613532376334626531346236633636633538353536643830
34353434626665353163303531333966323436303763643466333732383636376438636231353931
36666663313838353336633862646137306333326665626162636134643433636263353532303263
62373936353635643432643036396433343862646631663431333364653964386163656135316134
64393137396630346134376532383136633139303665633932636561663163623864303932373735
66613232316432616563363735363330636435353734343532636334623662366435366366356138
63316162376366376537323337613632613530373164613762643536363761646364396461333138
30303631646233393836356331623935613931353562313239376664623636373230353437323162
61353966343861336338373733346461383636383735316338343565666232323839393361356639
31633230376130353964306632643130313336666132386435323637356565306362393136383866
62653364636462396331636435326333373435656534396564616366323633333530316162393165
61346439623035356632616635616362663932336662376139326334626337306666623737643061
33323339316535633136633133363034393137373931336464336434316634333962666538396463
63623832356435633234356263333165356135626463373864666363393937353966326531363431
61303365376334646437643836653761313234303362363662613763666432333434356136343334
30666565363838393364626537373262323330376265363133313063383766393532643361653832
66623235656631373236323362333864306632363861356261656166333138323332626635656533
30616362313331633238363431393531643963383036643664336131656661323762373530386633
38643138353835633834336534343730636234306636666230373864363332333630313666383038
62326262343631663039396362343731313636623532666466653630666435613566613836613937
33646464656239386463623932663338346535363637383166393265356635656231626332613464
63313065646537326332396538393563383036343337343535613562333438366163346533343165
64636233313634333532623362643737396338633832633762373863653038306564636536633565
38353061623338316430396363333961666664323037653066323636636636653861663539303662
38373034383735396339643336373962656262343561333136666164663935653461393765623261
66313064366539353234323664366265326463356636646164396363626165663163616234633565
32326239636164326464653931353262383463623462323533323263363065323432373565366235
35626239313430303566363834626266303139613935303062633739666635373535373332313035
63333832646135646530306165353931313733613365373466623335373538613336326534396237
34666237303161373666313936303565623761363834373332393661333733373938653966663462
32613331333836333437383965376561666537626538356531346339313439353633343734363565
66303436353539663631646230346265326366636265306234333539333037613730383539313463
33333839336463623336323761316230623636313964333938303563326561353362613935353233
64303534343039343762316663323536653062333531373036313633306339643466363565656365
62383433323731336330393061366363623836323063363737303032646237616461393938366161
38653035386336663034373530343761326231653432626537313838666661383530346561313337
32343737613030396263616137663361636539616332383262383937386163333539363439643666
61646536363430383762393966393135336633633466353835366637333935363237643739323336
37663366656635326630373933376562396439313965373964356432306630363537343966643163
33373066343531363361663039303262366366366263326565376333396530666165353861343761
38636165376533616430333933653764626231343361663065313665666466316131363339333738
63633537323664306330353732656230663632663765313432353931616130386633346630613436
64376635303631633166336134613966373538306561653365653861616538356530303633616362
62383936643333366238643963646434643839656663323333356532313663353165313831356133
33336130663234353636383165303037353061353364663566663532313231616531306165383235
33353564353766666237393339376563396238626663366132653830653636616237656431663065
31376266393832326161666532623438666231623665623166363866393933373135653239636432
31353361363766326433323066633938653566663531363036653261663466386230333565346235
39326461313261666263373265636265306332646530633135353633666231613862316364363861
34306564383265343139646137323462353333373538663033663230333535396363366330653330
36643635646533633466623937323063323264653130336137373132356537376231363839366565
35313365353333616636383737646138396663343964346334323638663863373065386530356433
62386639623164653662663938666231333431653032623636646139636536333234393565303463
36303034303564396236393333666230613335623932323564303636396633666335633232656666
61303765326239663634303061393663616262663435353366313531666462613263326332636261
66386666663034306337353833646561656239653361616562376564363861346338623135323538
61646538343839323937383931373362303431313963613237346161396136626139306139656332
32613034656332666462353865666465653536656166396639623031623364396332316634353765
65333430383136653034366636613738353865343637663166636365393363626263303736653364
35653762663233386264333836393666666263396562336462323766396332643238363566363862
35383235356161343939363834316662316438313765363239396436623162616237626335636436
30323931313632356133396633363764346639396230326661326234346330393163396531663564
38623665663365333230323931336239393661633063653334333263333663643835633833636332
31656634333736376633663235663833643162316562633039313839356164633766366339386238
39323136636262396235363030303861323430356265393136363763633566656262396362396432
33383035663065656565356362626334643137643532613436326161363461396166373136326535
30373562643832393161336631346634336435646438323662623536653737663536356664383263
62616534323765303734393062323232336630373661333932633130333839656461343565336239
33643565343738353530656132623633383532666637633034656130393937656265383438653533
66336266303832633361316464333663346164383838303937336539636232396534353062626161
35366132613630313033326661363534373662636564636363373635313561646639636134326136
32326633343331343636353831393664636439326236373734636664346564356236643566633730
62343535636330643061303735353536376239396439373162656637666239396632386631313965
66613037313133356330616632383863373937313535323761323031306437323265306530306234
37626436343131646234613632346331653964313462316437643862656633613464326133333062
63633632316332356432323537643932343538306634313538636666393735376462633363373563
64616132636536653163363461323139343532356466663436366632616431336531313533363662
64393833313537666665633932363865636234613733333337373363663733326439333538316361
30626237636430313639353239396261313362353336656431313236356234366334646563656262
33333834313165653162616239306464313538633733383064306439343463353863633965656332
37383366623334616331396266646133316438653966616532623261663033653632336331356230
32333864666239306236336463636138626638316566646365623632626439333464306163346366
35303564303464666336353435343637306538633834376633653232663632613430333639666639
61303038343832313732323339383431653037643361343634366436363963623261333133323938
30333662333332363861633465376661366165353063633561383065383836356235613666653536
33623239386231646561636464323332656336306461383833333465643463393336363432336531
36383663663961373539656462663063346163306332623538366364613464613631346362373965
36313638616232666337386339623362353737666432343862666162616335356334343436616630
35626338386139303461613166303337383262373536313163613138393938386335656130623234
37353661613236326236366430646536396136396132663135646531313636653761616130333962
39303238313861653263343263366661386338633335346365323734323432623563336562326461
35326330373738333034656232356331393231623430393339343335366239386662343137663539
66663536346535626164663262336530326433336338363535303862396236613430616633366161
38613130623163633964326362653532313235363631383830306664643630303563386533363662
31656238373164333064666465336164626232373035333661343365666162333366396637383866
66333435623831356261653131373163363836666333643734366561313838333434646336306261
66333930353736656264653133343162323666353966373861363730316664663262323831626433
65663064323831343736303338633165323761613230363731356338356532326564316137376137
30613230353436343361346236313133356664646630663235343333376465666562326663366632
61333330303163303233353765313263333539333633316366333433666439353332623434313036
32373230633664366133653835373938356633633434363630353865353130323036346637623833
33383765653430363739616230633464633564386438663830376231316563323438663430653334
66363532303765346433346138323238653233653230646633396664633661366338656432643566
65393662303834623661633037623731346461346237346364376133653539343636316238633166
65623935313166653831626430653033346137623635303634643135363737313064306263653966
30326166316136306661643236373561643933373132313738636130623731333964623830383562
65303063326431353236363437623265656361663030313832336535386264366266346132663764
33646236323538653732376165616130333037636464306230666138373363326161616535663437
31613064653961303966663263363734656163646430396562656432663936336663653333316139
61666361333033333233303463376561376234623861356336303031333966643962343839653265
33346362656165653865336135316635383266643834343035613465643838373433353938336465
32326235333761383464653535633661623062343531633264363536333333306264636336373039
34643464346166393735323734326636356636333233646337393361666334393730316537303137
64383364376230373436646661373630636365346561613765666261626262356432336131313336
34383430663337393661316330393766376334343831636438343663643737353531646464363236
39326539323937356436326439623837393366383236643135316337306565366430653934373433
39666231383037616232306139333830396464616638313735626430343036613137653137323864
34616536383934386333633231623432613361633130323861616432316261306334333335313163
33386663663237663638363036306536326630383462643333383738626332656536663566666434
37373666336262613837663331666436383139333163623130643239346639663933393765393663
64346432616535383335346337363234336330336437323839363930343130326364333431663363
34393663646232656565333834373461303835313961386163306461613234356365306364373038
36306462653762326639363832366566656230653031616435653131333233666435663031353536
62323037643731326266306430356430383964356535316631396638386261386663313936633837
66363239346434663961626135373230636437616666616465373634323464343566313264373433
61636161346138376336626438306138346366366137346633373433363632663866333765373635
39393933323266346166613563383465626338643432616634636439353966376163343737323730
36313734316566643062356263623738333362383835613533303061366331383836636530623532
36633630366339393930303635643530316139376230623538623739353066333265663335306566
30303663373831633532343964356465613162643034616262383763353034613964363130653166
30366431306137376161616239613132643138626135663232363138636531653330653164303762
30633465306330636663653362333032656561383165326638616639326131653338386165626165
61306138343337383162303034356564393537313938346331616436393438663237333663353137
39613732366261303363323061363638343138313932323633613337303736373665643835643963
38646566383963646335633330613434313965313231636430613133383932653866653063353637
65663663396339613632666237386634383166646434616362636536383764316233323562633635
31316435613839363565383037646633376366646265343730646265343863306366646130623762
63303535373330303535323465353638616539303239353765303962643138336431663730346663
63323732636539346133623635643561363438383136623031633838366337633138616231633230
66303964363864376436643266376331323764643163656239626431353830343164623539366339
36393731383861363863336263643138353064383431306437636561363831666438373063623335
64313133623365663438393461306166376132313562386133313032393936616438633566333232
31613638663634363862366366653239343936616364393339653738376530353630306364376133
66633835326435373062396339353761643134646265663735666536353938313638316531383132
64303862356634646365363164373565343266343034323463386635373666616533623663353065
37626361613764356165353161373236636435343062643935356430333839323562663832623730
37373535623937303066353738356134376466383131616635633534323063306131346130623166
30623563326335626539316361303932383738663561306166376664616533323361393364376264
63393332336537643062353362616461656566343631383262353331626465353835616633613162
39643866316532336163643861383435653635373864386236393432333433346338393765623766
30346365333266323766633435616337666431323763666536653061656132333236653466336265
34306462393636343932643863383432643233383437336265363339323533656633666537306534
36633738373630363131366138303039653061343665396635366234663362336265386238643133
33313862373662666534333463383261653063636530323862383133333839616562643933643562
37323431303635636337373162633033616563356663353134643464663765366435356636323966
62303233316335656437343730633264303230333337316463663834306138633932306363653433
65343235623934313562306166643461653537633865323361616365636432313538363531336465
39346239633964373031643762626130626431356133633262333764353736373566303362303562
37313963376236393536633662626633626135626238366232636537613861396531326536333138
35323438376132336438383430306537366662633130316438366234336634363666363464393536
38363731626164646161303534623435303361306366386233326135643063373635623561303537
39356537313161323037316136623166306638623730306638363535623563383164663534333637
38323130346464366461663863323963353136376338373036666263373431393534653232373765
30613963653431666537643731363635313432643861306439636565303434623463353065326332
33376138613365623761323763313334326137376366663838643637656635303864396361316637
61356665663266396335323362303032346631313664316631383366663537396662616664316665
31353330623738626364663737633361663032303535613861383139613461663837366436313938
34363235633630393038323830353631376331323431366262623434313932396335643836373561
36306533666333363963323537353363643835386536373366646634353031396538323163393663
65353261623336626239653531383435366534373761623632613663396266653438613062376562
65366334316234333238656136316532636537636230643363353264383662633737653162343534
30366466656537376565333134663364653736383261306532666539353966303464363563383563
39633465306238666339393735316135623734663336623634653935616363303265616636636436
62376466346231663163393238383463666634343833393435396662656434323932363631346262
37326537393133656535376338653061646266643830643634323338326264386439643564633030
38336231643463666636626463336366356536303531303231303464663165616266643130643762
39326437646662363162636663383165616136323638376339646564373433616534333736326435
62666561633536323034306539366434363730386162383239316665633163623135353961383433
37383438323131343761323266343333313139656263323936376465633839623436383061336639
393564333262373263373538336638366166
