$ANSIBLE_VAULT;1.1;AES256
31326239356266643564653339393739363631366339396462323232353263373837343163613861
3733326464353563636532656564376262623636356664320a363438323161636637303537343361
61393034373930383135636532613465376632653030333362383536363034623535343434383431
3231306437326364320a386433393435346338386666653265353762366436366263636434656536
35363134386166373666353839313866343763303732303966343464373631343032383233646539
32366637663033623731376666643239663232653830653062343465623533386265323737386635
66323439396564663161353137333935373966326535323736646238353762653730663537366361
32333535383264656133393331363362626238353030303836616633613264376138363665333862
39626564336662343631616135626163383935313661363436363031303439623738633639373835
34343234343931656133396131633264636331376137633030623666323039356538663637363234
64373535643764326330303765663033646634323132326234356462313363636338646330666235
33643433313634366534666230626333366635373234643866363566323133333566383535343962
35666465643162613364386237386561636366663530343635383538633930623765363161396163
39356632353262623730366432396133653861613133306437343534633539336637383464636666
64393863393936633933333761336666633866383138653762366165323561343636336665396530
63666536333334633335663334366235363661303235323632326439396463666635613538623761
36313139336432356461386231636461623137356132643834366236663965646436323037623938
31666565326535363964393661623736363531376434643333373763333065333638346563323136
33373032616532343935323633646333346534343865326235636136396364366232636432376630
64636265613864363935663330383633663336396133646263316436666635623664393537333636
64303138383531383437373961623562343161633532613530346431633435376338343165613933
62636335376638626431343265666339336336376637326131346230346665666166366664656138
613163336435643063303765636264323737
