$ANSIBLE_VAULT;1.1;AES256
39363739396430386562356162666132356635373534653962353935646135646634323037623937
6236376235666663376633663836316539623734396666610a336337393336366265393936643565
30393031656437323063613163626138303431613938316638383138636663393138656364353238
3861313437386339660a646334336263396135393362653363343965303062303037363231626133
37353264306563353939323061373935663830336566306537343436383261636336353062343735
30396163643565613765646530313233663033613761653234616262333935663739363339623034
35303965613639643436323437393362653531393663623766353336386665356133323332333639
30393166333366653439613763383736646362316162343463353630336262386539623639383838
65613438313364343731313035653365376464616339623436373530353163636132303762353861
62646435303164353732383962326163366130666638653035653863663235633839393232326666
31643164356334633039313865656431363464643461303737373235326130396534373139386235
35323638663962373361346465323361373036363937366162313335383464313363633064626166
65653033333565616165316531643162663264663330316535313063663531363330646537366161
33326230643965373631303035383135346539353664353466326663306663333733633865383934
63386363373036643837366333333835343038636632643834323962373737303166613336383431
31653437623731353562323562356639356566633335653932353665313838616533333336633762
64366166616462343330383565333730353139303064303232613434666134303239313939356465
61393132343963386136623862333730663239396230393833653564396630636137323730313739
62643231356464343161633033363339333864623562383665353365343133626536353830393639
63376366376538343231386265316134313563396265333263323764366631393237353164376434
62383930653464653734396539306135393739613161666230386631653465343365396538383934
32363733346634313261623139636461316366383535383265636635653235623031656635656135
65653262323766646539343737373030626530306162313132356163346638633662383833366266
65663839306262663730343462316365346563303264613333663064313135653666666335333633
39323531333738613761653535623961623439656261343536666432343333316166393134363831
6639383435393739393663386664373062383964316539363161
