$ANSIBLE_VAULT;1.1;AES256
38623762373864353739363965386537653030373665633861326239363762636532303633633762
3838363564303431343737623136636163656234393566370a346563363930633034653031656361
62613739386330373631356139333733633862663735353961663630363338383134343235393065
3437356164376663360a616661663537663633356635363561653363643136383163366131336138
30316135613962616431363863313963636662356434323763333066613438303862393137623237
32316164333231366432666139313733623863653364316263323038366434386539626634663438
38376164343363326233623833626536326461353462663336643162323833663334363634336131
39623566336466656562663163653064323462303834616434643335303637386138393632326163
66336234373464353639646361353266336438366231303733363533376233346465656565313237
39343561663934346137386538363435343831333233636537656332353636663230663334326462
33643766643962626236386536656233313333333665306433636537643931666562653563323465
30323135633463316665633937623066643335363963306262316331623032643231306635343966
34366338336538323763303438363931646237303233333339316639323336303466306233323937
66323230366534396434346436623234396634313733656162396332353262626564356266363566
64376635623334626234666531303438333433626638333031373930626430306263363131376636
38303538316666343562
