$ANSIBLE_VAULT;1.1;AES256
35633663303434313964303063646534346237383039633938346437656231363364363430626536
3062653664303830386335386461623938356237653535320a353264633165366137373832633131
34386362396134323430656263666434323864386435646166323634366438303962343564326632
6565663837396330640a333566353732336366643365376662656662333831616535353739393839
39643064376664616665336165353232663535613236363865663832343261663261306630306262
34306434353134626563663231626236643261373766636433653135356238313132643731356532
30376234356632393634343635316134386530353633616335343932363163623333643762653738
30343538373761653738386633316363343832623632643033373162336635316336666237313761
63326638313332656532363434623234643463363735383637383462383064643332393637333237
64643864643735663831313061633538333431383963343336376636656133326137663765343731
34623166366439646638393766353935326331313465383161663862313638646366666638623761
62373837643439373265306266393130336437343933613264666335373435373366643733333935
39373039333837636439313163343336613439633535653136653431646461626432373265616161
64636262656534646564393633356435313335366263633233663837383463663330666661333662
66313066656131626639623030646237626561633733343630323030393137633831616237356539
62633636653864316265356264353763326130663931326361366439353537353231383239373432
30646261366134333239383066353735333933656466313166616661336331636261626262343037
37303266373534613935313937626339383461353964393464396436316133656632303037383230
66666531306436306135306666646430666537393937356232316464323263373935626531636166
66663861633338363161313037363339613834323061383065653938303336656664343532323363
33306234623932666638373335373438666139383835373964323263366663396362633631336436
31623834343037643330626334343035303239383065353636353066346637393264653932373037
38643735316163313761353561626132393662363561316662386438336466303765343231333139
38666133666564636433653736383230383233396263346234646263393532396565633431386566
31353965316461383663313161393031303732313263663236653036613362383864646336373433
33393939383265376534333538356165333733393638663431323537613636643339643964626431
64326333646338336238306561636433373934653335623539643764376336313230333132323033
66306231656334613064323962303966393561326533386532353132303634373033626162643033
30653938373631653930663739313266396661336133666263613838376632333763613630663433
61323939623130376165376439373032663062383934666531356137323463316662383866343463
33393365343934356637353964656138303164323232356135353263626630633534636134306636
37393565663662343732343664373335643261356534353562333132666462633530306536386263
63326430353835633631356262646130663736616365653335633563626465313665353839636535
34303165666365643164306664363134616334313730616466643532326630613832666131323139
37336436663834383436333961663564326439643166383134356630636632653365396137326539
62636661383630343337313038646434346336613436346464383261666666646330646432373065
65653937373532363434343662376632383435356331336336626436613965333166623231346430
63333035613236316430633662373066303331616264623362616464633535623561653561343264
37366437663066353461343336656135363366306237613635343736303066326436626262323738
62393931616230303939646661613738356361626234323565383238666536396661393937316530
65306466646337316266656263633330613130343833663334613438333765646563306531326439
65393735653630353734316637623335663165333733303731663931336466383234613232313561
37356165653337356639333230643865663738623736383531323436336362666635366332373365
36323430323037616130326663343338313362643532636364323163326263386134386664383464
31356536343636323564316538316432343736343366633062353835616132376462313833303762
62653235353535383137393739363766636138623361373663616363643833636133306539313438
63323663643065333865653066653462346538663038386161366633663835363737626537643963
66303735353438323962393764636234363263356539613234306432313935336533366233636133
30663339653934336464623931366162633130663464336234363363303434326238303266666138
31383062616438666438656563666531353766643836396539316431303432323963343430663338
30646663646461313037383563303061323730363866656461626366373934313961303865623761
63383732386532653862323566376335643232333935633330316236373961626539306635323661
33383363623636393437643166393665383465633134333030663733346330383564643635316364
35336339623561646132303463323332316137303233646538656633313761616135393936393036
61313838356435353437323333623939633565323963346631383232343731613862346635656235
61366563326531343537363439336366653831316232633032313336373130373634346365616134
6531
