$ANSIBLE_VAULT;1.1;AES256
64393862313833376561313662656339383061666534386338626333313364396338633866643630
6662306363303036353830393533393064376662636639300a643133613637666662653731313937
65313234373137313763393835356364616333393034396561343563616637633732343764626631
3665393938636237610a376634653238366362303130616263663837363865626334646634393738
35656534323537383939633365393536663436393166646131353061666131316365316463363863
35303437313530396236343661323933323837393465626632643530356638386138613862396663
31323464366336313837633839653134383439646265363333393531363563303430333566656364
66373737353565333738396133663162626164353237386335333236656530643365653133633864
35626330323139663330666564616230356565633164666232383231666162343363623636636635
35343737333736663833306464373033643231333635616132616139633737636566366239343864
66663832326565363136363633383737656161373435336435366662633534616539303066626237
38656266643061653238353930616561623965366632326131383061343264353365336431343532
31376134393230356434363461396438653662383333356631333164376365323138336164363865
39643565613236343839643833616133306438376132363930653161356335323963303763623066
30373539656234313432353336613261386632623736613133616164333661666565643632313738
37633131363764616563363165393735626362616164366537396566646165306239383938376262
65656532326632613737396564323132623737353137373664636662396463376563383034353638
61313133333339306335343361353738303630613232313433333266303961656265313861363733
34356663316163333931346464643164326535363739626632346236393438386632646435373239
31353136373539623663323730613638653732613139363431313834373936366539356163303232
32386161646139633531376461626332333961333164376335366331396236393034323866346435
38326135383133663937323764326663343063366631626165346130393830366233353764613037
31383166306663303033326435393365656336376632643132306338656237346661636430393636
31383131353538383166326433623664636632306230646639633635333936363165353334316362
31643766663063396234653939373934663866616331396532656138653461616335636465363564
66633866386530616138633864633437623239363536633065323662313366386639333932663931
33343663643834336564373863353362316164353935303931636539383137333965383233336364
37333435316362333665663932326335653438323637323463323233333234306636313330363535
38353832333463353333646130343230313461656566393263663464636430363138643735376561
31323865623562303435666134313666613530396230316630313865346661343736623162373238
34363639643439386163633766623762313030373932393531633934643838313238613733313164
35343964313639613335343935663464616639313138363630643062373132393861373635303263
30353462363363653531363366616331313834316261353935353139356432613162316633623766
30313064336631636562313365646138663033306561616435636530623238313932313063323730
39363134616130653365303162616236366631653839313833313432326131633938383230373536
64396534356537316165363261613965633833363631393264386636353137323966373963623037
38313434353964373633643733393064306639613136376664306365666236323462633166656662
37343366626566633134333132386431316531346235633132373365393933623836316636646562
36623434313263626539313766323863333038613366633534656331373437653439316565303832
65393938626233666437646633356338653063356532376337343539356338313934363165386536
64623937373132653666633066653865333739373037346139326163336265383730646166396164
32313663313465626663323861613866343832653361326534323930396332336236303563613830
33323634393066356633393033653034643739643239393735383534396661643263633063353335
39396161306564626533303934313831366539393331363235343564343864646238313361303036
63636265386362336338346330626664396430663931336366396433656337393962663036373137
63616633663539616366306134363032343961653532383665666630303430663239326433613961
35616230343239656263303731313432383334353230646166663730623366653462663938353032
62366666343733383534386239373939316265346562663331626632636139346538373130343132
36396461323430306564376664623232316138626337323131396334346134623938346138393335
64376436663661316436373833613962326561373731343435306564353334633536323638303565
63653435633564663162616630656235363163626130616265323538616636306162353432393437
61616139643062336138393761316432636638653131396132343264663831623530306135633531
37316436666132393830623161393436656532373361626537356136323762333032643133613435
38306132633163323361373964623063653836633338313963636433363937313162656463333630
36636633363835616137366262316166393735326364663435633436343639376563383239663539
39656332383333666335373031316333323661353830373136323731656137633733386462653262
30656566393332623439313435386338623665303231633837323763343162363962356232363835
64626265613739353933333332373233356438323665646233393531306366363638663535306435
33616336383064356362393166316465366638613463316661303235393130316139613464643163
39373531333939613834343831633537323861663564373133393762626138346439393037313033
30333336323136373965386365393432383263393136656164326465666137396265343636333731
33623833363963366538373661613934363639336431363764346330326131333332653063386261
30313135356665616131366233363638336639303665643363646365656431333962303535366332
38383663383362343231343930313434393637373365333063353338633130303162356166636662
35333266333739353765353835326530356339656232343435306265363938386165393434363035
31326231333430333539623637313663613564393433346437623335666236616363353838323431
35633562303034386139613831323862336664633166613836623436366663633865376230383730
31383036626531353162656362316436396536656236303831386636626533346165396234326333
64303932666566643630326461373662316439386432326136353662353234663131643932653032
65346131626135346361393537616431343032343964393432663038333932326533326332343466
61356639356239376630353136323330616633616461396163326232313135666362623638343631
33636234333365346365383235376130613866323333333430323139353634643233356135613330
30666665636463633363306233613838663561616631343838306630613165333232363963636462
38636164326135636131376163323262643335393532366338373164663730353235383536303265
33386535333761376437616631623431616537656366613439396238323761383637393737363961
34383062396335656265623961353265366366613738336364383932373761613365303436623365
39356631366361373432336132303162313631383962643161343638306563363635633465633638
64353736356464656530376634346539333437306238343536393330656230343539656237313364
30366435623836393964623161363932643663396431323561333735636662663135616262323632
61383639343135383565636164393665353166633832316635623337343566386665396537333266
61643365333631366165356135376438386233656435636234306531633933636132393632623961
65633632343435333839623031376335393365306235333164613634663739636139383237326137
36306663363132646235646433353664346133376638313335396538613934663764613865313832
35306437633034306534336163653165623232396330383239366435613132653633386538656237
35323635666633613163623036643638326235333130306536643061323661663837386230333432
33303636656433373266336134396334323530323630396165303633373632393565623837333433
61343134663533363061383937393233613961386662353765623961643662653765343933363638
62396533386137613732376531366435386465636562306530643465666465393863373632393736
66613232313830336662663964303561313062616537333062316336393064393733326463393833
37313632336235303634646664353261366566373661333061363238636462653139336665656238
33356436316437326136616266313630636261386461633436653235386537343130333531353531
31636435356235353564393031316536646432366634383538323139313264653239363038643161
64663366306634303831313164646265383964383536303132666432623163353431363231646339
66636638366637333934316461383335343762353661343534653835653765613937373532386639
33666432313861663335306433323863393564333136366337333934363736353033373366626534
32666535663935663937643538353463376362663364636236316262613939393331323862626238
33333539396462346535393533316236613262383335623165333638396637653630646439393366
38383766366132383965303638306463383836633638316538383636323137653365636635316138
30633764623232366364356539633038373837636461363831616436383863616263313335626232
32346532336565383838366433623461323061386465363137323463653332353032626466633533
34323534396632346538333133343665386262306666643861636530663735353263303232333833
66656534376232303630373564663466363662666532336139396136306134353037616463333962
34333237656339313036366238343664643331393731623765646337646535663435303138356231
65376238383963663630613030666339656165613832616135383734633531356635666233646631
62313361336164633862383462666636393865313331383063633037656432643537663939303333
64636634623962363438383330646338303437656530393332346634323830336138356136343237
38656131346263303938373664623638363062383662626630623664333861376433366261643631
31366265353163326562323763383236666461356237323331643137306365393765313231326137
61343833373334336564303835633566633134376636366464333566353364343532303732363931
37373463613464383162373762386534643436333033333930633634346534653434393461303538
63366435656136313364623662383835356566626636353939323963623137666461326266333864
31336365363765336666333166333230623736616338316364376636353431323465306134373461
38343065613430396566303533313164353034326566636335356561343166396534313864393830
37323563383438393863613633393430383530363034663836623933656530336561366663346663
38313630313234663933376430313432643365383533336664636661306635653534633762323562
37366263656238383231343233316130383061666162313065336666366333386332383236363765
37363134333062616539373263646663366435376164316430643262623239623335356266333130
36643362343030343032326537616631333638663666396666613032313261313732363435313961
64313532636663643032333036636465363666316631613564633631316166363436386461316134
62656539386331313133363834396539326664663939363463643164653533336162663339323630
35656165373063363132396334663837666435336135623663376130306436333430613933393133
35363639303635346238333035383633383639343563653436393761653666643731323932613035
37383335653362616334666265643638626430623630343361633732323136363062656337373337
33303365623232333162323139633834646661643461646436316433656636316532613466616432
61386336396138613035663630616366663431383663333465303835643631313133623663323739
34313064613539636635313938343732656161346262393437356437313466633465623064393634
65653730373762333666336436393939643431646563666536396466343135393830343866396264
31653761666264386162303866636361336434633866613030356337386263373862346439663232
35363938303237383163666563363963323231313636353638616234336562346636
