$ANSIBLE_VAULT;1.1;AES256
39333932366564343432616334353265316637633935656539343665636231626161616233646531
6438373939383264353337313766616630366634643961330a643833373864353166643934626233
33373364363634346563393765386433613237633639626439373963656132623033323837636135
3361396432326131360a663030333466383461343865303564353234623933343864323932643730
65356465623937633032613838376530346438636336393437643666666232346438633831373933
66306530623433363361376161366631333434633434623861373738316236326130626337353637
39353237613965636365653264303330613839616335363633303963633735323364613165323233
39343939363037353532376262626230623633653635336265626636613066333438366237313664
66336337313164383362313536313531613963636632616536323862666536393133613232633462
64366430623265613734646362303936383165353633623534343634303435313434393762303064
63656134313765666131613433313364336135626461643232306263353137613533663564343839
66353630303533353163336537303163326438383564333733343438303537633531363066373935
37333730323465613532326230373438636162373331663961663261323261303733643462663432
31383864643039316136386363306533343861666661313230643961303634653132626133353364
38336665313365623639333564623161376331376337646635333631646330376131333563643233
65333536363365623332663637336239383337363966336138303463653036363138633137303430
36386534366462313839366566613066393030373665666631643035366563306133303437623061
31643561626464323335313136346233643030656665653262333239366232306530353861653566
66666663636534636533316437373463373533363065323236363566393464656536633165333538
63633764323664336166386465656630393339363634353461323666306439373037643730383531
35613430306136386438363765346635616234336163366135303732376265396334346166353634
36316534393166336533393531383339393535393736653334346136633266653535623162346361
62336362663231363031636266666338326637303566376539623164623766383034356331326462
38656234333166383734323332303563613532623037383762313831333735303534643166323639
38353636386563366433363836353334373363336562343033343734316235353165653463303266
64313633363963633732336433653366373566323165636162323364313037613138633737336664
31666132366536386365623935616231393266633539633031663239653531336437353835313762
62633437356162333539386135373962623265376432366162663164653130336130336466613438
64386432323236353064376339643966346435386564343536666564616635343139333362333362
63623930643631323264316561623437616132643766306538393131643962356335343439353865
32326531633239383465393461646365623564646133343130616166366162386137353130383162
62386236343565346263383664366363373161336562633138366333393336356635653563613665
37616134633639313339646361313837316463656534336266393864356235313535333034393231
65666239343262663864373731343165343466326635396361663030356436393437656333323730
33356231383531313537393539363930303437623735643931363465363565396238333566363334
30363030643438663333663934613431333130633766353234636630373539363463626233343365
63303431346138373931316339323238363163623866353631616434303830363164373338663965
35336130323532663964623039623466646662333333346235353061356562663737333762396536
65333130636336623338373734626432376234343161323330363430343765326135306138386135
36636131643562366166393262633765303838303963636534323838363733653662393838303131
33643734663739366130376463653437663030393634313332303435386466323630333762653333
36643861363333323537303931666366396263303537646639616630343233366333643463393835
36626265386637313362313166633732356364346164616635383033663130343361316532663134
34336639633038633332316537343066396435353966353130313231366561663233306131336537
38363630336265653636663966366564633135396233323432653534323935336162636366663134
33626633613262623364643530383536303437353836633137643635343831396538633936313339
35613765306330336361333061346230636134306535636362656662643661626638656631353130
39623035396139306239353738353765333833313966353866663032633333646233336531343831
62393537613938616138343336393063313730633531646230643864306230346666623561383434
38393264373931626665313762363261376162323139663565333536326238636161623634373533
30653364396264303537303438376334333637373565363835396438353938373136363661623233
64346264313030313832356634616431363232663435626236313338326536356562346237656430
63343739396238613761363035306261323531333339336435643739626537393733383163353465
61353566313464353838363832386134616462616338623665643838336638656266326535303533
33386566393265663830343836643162613765336635613863366364323438333362333761336134
64376435373937663734353135366266333337636636613361313661323437653532353664663364
63346462393064386230383732393434636538613231663837353932336230363135346236396366
39636230643831646638373766643833366664633737663634333761643832333036663939353733
62623438313035633763376231373032353762616437366633353830313337653936373464303439
39393134383565396536396664653835663261356132663231633861333564376362623866653563
63336133383132653464386234336235663161393638613335303434353963353866666238386339
34376331386331313931643836303836356639616561313637643734643066333336663164336263
35373636623265366162646162666431373837393266353133316139646332396436373763353938
33353662323939326563393362383833666532396339316364646131636339343934376261653266
36306534386335656335386661323338646230613938353531343132623530366231343833393833
37373438616637633038336662643164663737396333323235363931363564366533316130303033
66663438326535366164653462376138393933383639623665383432333139353530653933633339
37643836393637393166376136616138373163633361333964623939633832366632613733323663
36366134363665303030623766366537303733376661396635353964336632613631386133383338
31383936313236393765363532336431346366306664653566663530623034313739353962353866
32363032633263663966363932636364343563383135656439333165313665356662326437303036
32396166623362636366306632333138666163653163633562353030316463393536323635313930
65373235626664316562646465373035653864396363393838393664643764336237396137303765
32626662303835643135366462316230636532363864336465663662333162626430363565623733
31373031313538396263383064653534363235613537343735653935653433373535373463643566
61323038363937353137363732393233303866663165623630373631333036313463356665643864
61373765636263373532373761633432353237393539383861663863333963366538326636333232
34383935353464306337633539333736653964386331343232313936643864643264383339356531
63323961346532303234626632646237393663626437653239633265333064313536623037393732
62393366373032326134633831636635643039663463333635303365333333666436336462623638
63653564623037343830623237313364333530333131303737336231316531353432323033343035
35316665656665386537626634333766636662653864386262393335303638346334326233306137
35316132613633303562616231356566656132393839306461663034633766366334363732653762
35333037363734646234336461333032623165326632666561353136653139343461373938326162
61383335326632343661613862336362393333656632393663386432633833353434313263333061
37323766316130636230656566326431633761613133393833663934656665366364333663363661
65343538656134383961653266326333303365396535376133663538373461646533313635656637
61366362323663346234633932316265656162653765366330623639653464623964346462626266
30626562663662363732633065323931613135386630363939393563393364616366663163343264
64393730663763626138306630306635306662353039326633326136326162356237303236333633
39373631316539373834373131363565333763313734616330666232663465396232333566333566
64616136376634316334313265633331663233613638323239306335393336313830373437656261
33363039353061383132353133656638633037313932393634323430326261386237363761353264
32386332313765366336393564383032333832393861663761376437663736666465353761323437
30383866663139613564313664656134633264323438633031326263313231316262373537633432
39326133323730383733393034333866343438313262633034613338666233623962653762306330
35343466316261393164346361393638383664316664626232353662363630303638386130613634
63653032643465323861353637326266323732663834613233386366393862666331353331383636
37366366623036636662626465303261333063653266653839373862343030666330643631393634
66343438626137343939653361623431306564353036386665393635646636646265353138636538
61386139383938393731386563653639653265623339373733376661663231626166376664626435
35643038373161376634353235396431396161653862363937363864343239666230613861316362
39303266643363383239646534646239323934643038633364613031623931353738313738326236
61303939346164313733333961343436623866343936636363383533653731636565343034323030
62363036646365303237376139376339303364623335643631323032396536616539376463663838
36333232636336636265383431663863653163373133666437383536396633323363303333636164
65303961633566336136306464396263386166376337323364396261396631306431363866643339
33373566323232386236383362643239663565646364646335396462323739633966626535356536
36373335313063613435343063646135636332326262663365356664626461616462343063666231
65363138656664316230346635393765623166663739643931366431663863343630323633383934
63313533643434383766326265623964313537326136646264383835363533303265323339313436
39633063306336623665646539393532656631623738393530376533303333626533376138306361
33613361373532613036393331653035313536393934666366376535353133643138336235363661
36623138356232613865303364623830666661633634343934663030393734383936366563373634
32323265636639633238393139393565666433663639393763366439386138353637393731643134
36346638303035616333316530346538336464616665663261633731333636353930623036643330
66353331613530333461363838303433383562363661643864613465666333666432316336613338
37356639363237366534643164343733396466393638616361336531666263306664613239613934
63613831323966366138613264346164363738633433646562346564336630376433636363336630
38666133376536666333613061393239626662353037633837356132653035393862613338373435
34366166616236306339646635636332393938306162643735393433363730613365353765393164
38356265333433616431303033643666353562636339663537366336643330316136633361616336
34316636616537386361346463333765323533336163643830346264613538373266306635376234
61343039313038383134366561333634326636373535366361613030316662623364343931323062
35316138663361323364343338626330393461303366313534633361346366613361333539316364
39346537666334343937396666633835616234363830303436643864313133336137333736633439
34363430313033366337376536633030383139643464653637613532613733646566646337623966
30346135393137636333653739666235646261386465363437353938663236303533643365363735
34643839633761656362623861393639373365353533396331316538343430633264666232653833
32613139643763653261613636373736353763346136343762643363663038353364326331383330
36356138343663663337643062646235353833373732376361303163666466313537333433396539
38356436613131636634333632656265313666636238303331373064393165323638343330316335
66353333313161333766383232356139623939653738643237623565376364626136346131366335
37623164363263633765383432373338303965333632343634363830353364343364383361316539
31346332306334636431313838373963323466366439303963373937633663386363643866373238
63643235326463656363646434373831373636646237633530366635323161333536306136373132
31393566343337326434323564333639343439333964633133633833646535383231316339353235
38666132386563363161663338613539353365353031653835393030643463376464373961626337
62373430386434383963363831626239623830633565383435636435646131653135663263373965
62653636323565656635356539616232313935323138613466346266333430653266643366356632
38376461643832346238613565306366633435663732653939633239316330373138303739626531
36663866353665326237363866643162646333313037333832656266396239366362613266383264
30326339636430643936373963326530333633333165633438663334623162333137316662383063
33303332633866316163663835326538613062333732323637316565336665343433316635376237
39373666633265363964376130313830366536633263646232346164376638346535393737613437
32663865646562643838376430316538383239343439336431323864303934343562356163346563
36646538633037336366613435383436383037303563383037323231343335306430623231343466
39656636303730653162376436633966313538646664366137616266383733626236393533633835
33393962366133386639613538383035613261663164663036353136623761623962373034383332
61666261346164633537643837613261306633626461353966363438663861313163633164616233
31643463316336643233663136306638313532343664306663653832653963323534663863386135
35356533343666656234306236363236643338633034346562623335623831326265363166636539
64353331303730393233313565613234313632343135316364316636336662646161636431396339
30613762396432346432316665663639663564303536653437363964373837306135633931326639
33663362643262303261636661643932646435396434663734383136626438383035313866306231
36616438326630336636633735616661646534653562346362386632363862633038346630613834
37643230663434636138376663303439376165373232616337313638393335643735326233346639
36366235623033343764303963616536366134303833303233613730633539363332346434633131
30646635313139353232626336343530333132306466613538356262313863363365343331643338
31303835303236343438623366383165626337333264326131313338663066316661313132363437
30326262303331303962316265343866633836623439633039343133323335646536626536336635
64346261656238626131653961663930626137343032383264663365303232316334633061343961
64646536653263633633356133363966613532656662613261356438306333646635363436373134
38303333613334313330643164383834636535653264353762333036613466356263313937663432
33643533393431326364333161616663663937633832626434623066313039343164623532386337
64666366376561336433356366346533336362386434653231363739626263653037353861343832
66303733616339323030663730313435663765653131646163303761383062643637623537363938
65663564336337343361396665386133343533383965656238303835363239383636663465653261
39343563323832373965663263616539373061393865663463636537643232626634323834393938
33366161343431326462653034653363653934353862613637643663353331656661326661626239
66343533653131373561353761353032616235386466366232346432363565663965366238346266
38646438653665643764613438383934333535336539323665303361366566313239643665613839
30393331376430666233363338363061376332663737656630356563633632363263613632336365
34663934336638376466323361343032373434353839373630663234663563376361346264383061
64343762613139633233303032356163363938343833373338386538393730363666363965333432
39366662633631666662393136386562663262353034626663663931323164616638356364383064
62366131663830656363376239623831373136373039363661356239616262623833323733643039
31643432356132633033623631343161353339303266303536303064326464356638376639323739
33376262313236666334326262396163386638313832396437623435383134393261666236323834
30366561633937363561323862323730316633623737616139366230393630396434656531623830
61363636646664323262353865623630666164613634646238333263396262363539643731386239
32323432333932313432396461313733336632653732333636383266326338373537373132386539
61653631346333616630383438303862306163316561663630383031363765336435363638336436
38616339363037653132303531623037363632343932333664366132313961366561643633636532
65313661623763626664633664316636633966653166666138353432623864646438343061383537
62336364363362633934313534396535663430353864643837346361623839626636336566303065
34313039303363333538343339346431326431303139623730633138373562316339383332313964
32393466313935393637333932353664303031383961313761386538633335316635303363333166
63346530303331616335616430626632343335653834313732373966633137653233366263336264
61366665323537326436363633613963623830343735376332613039396437616132393464636230
37376536653137353264656532636637353236653661383466663362396230346162626435383438
34383432616463343439323232353732383438656535363266343162643739376631643739346630
33303761343039306533343765393732313564623037393739643032346233656236623439303363
34383839343534346130323230646662663636636536626330323461376231323434313462336361
36363165653233323438646562376565636334343165363761663964333436326161646437303561
62666361363535616137383539616632373438643137636632333132613634366432666138343462
33363730313035653861343233326330396438393433346566626337353663663337666261393331
64633462333831306664663962313962643033396534343637353631303130323737656563366265
62313636376636333866313465313262356239623765643430343439643332306466343464613761
35626537613032623161373166663133393462393939393666663236313635613132633130346661
30613331393439616562373834643461623432613532306666386363363130383235613535653230
62396134623638396438653236313633356134643337333565613130666434343937653161363034
32313737626630636166356436353932313430336436623662616561336430383632353262633764
66303961356537313739396237333733373861333964346532376432656466373864343533393962
61666363393665303630313566316262346434636532653636376339656634323964356536316136
31353334386266386235623866623062613935623364633037323532633738383832373931626435
31393864363538343563346330393463303262663730373165376134326562343866363238643738
30333561353566613734383866366639313930323334383061396235393230376466343637303530
63363063343932666665393731633234616136636365656562363439646463383739313263363131
37326138356263363632323764343638373532323862353262393735303831653461323031383565
36623134633630623534363034626161643630633364366362636231386235643862303965343062
61333336383965326336386431646435383536613964336163323936613836323438356532623532
30653633393663633963356565643338636535383736616637636336316332356535316332633435
66386632336363613137343939623663323838643234333639656131636237663361383334623564
63343735373630613863373932656666633466633338613163333731633866363032393039316263
63666339356635353138363163356537366464386563306161346466353330303738383064613536
39623431303939663366653734383737646663316563303832376461336532346134363863613137
30353739363435323835376532343237646231653332396239383539666263616635363466333963
66623933643466373834343434326262396539613161383532623232366162323030383663346564
62616635653031353138636334396439643834333634643536343739373135396561373338643666
35386132613065613737303735643737363334386235643563306132376636353930383736376431
37323366636562626165306634336335393234666361303831363630306434623065323232363664
39373865353838393761656136363330353433653564356138336134336531663863336535666437
66366337346463386262306561343364353635663764363334613032313366323434343732636535
30363636383434323238663832613763336663363763343364336630613132323132623665326161
37656465383032653463616561633561356339343963376330636435316239353833613138306433
63666337353438636237623533383465303465656630666234653663633933303665613330656136
30613137366164666265326639363836376166333936373264366565313363343038333538653664
38333363626230666663653337623064633262643930313164616330393465333832653863336166
64386164353039383532623238313634663137343536313365653235383932666130343037613635
36643537323731343561653030383462353438303639623031333434623535383737656431323963
63643033313732613230356262633938373732316162393965306364313431376232346665333035
66646466646435633734646436616134306332633035623466373638336338353633363263376461
65353534396439386134373538356336613264626436336630396665303865366663376335393838
34613832646533326538303765373032346434613432616537636139363031326561636131633933
33373865623866663536333462383964613239653566643939346665393765376537383737353630
38316364353766343938623231363033363865616663346533396264666136343264383161616139
31353131303863656539643162626634363831616164623765346235383139303639386466663961
39653831333534616362643332356162353130316236663437663935323430633663653539393635
30336564333838653366376333643661323938356135363834643434633134303133396139633039
34353335636138623338326362633730316630373534636534383339306265313363613535636538
63663064393635366262376631316635386163316331643831383366616434383238333962613564
38323237346532313762326137313636626130303839353665326634386138653432663265386633
66653230323562323163343737623336663238663766303631643932373437303837396264373835
32613462366561636631333564333465613638366334336234623133623837623937396633633034
34653539666233373439323336313561396435396334376164333939343639383965313835396235
62303264313036393065616637393564323230656234323639323065393839613439363966393164
38343561623431626435383932653830333765323437376563616366366339393231313630343231
61626563303961666435386334366330366563353533333630343361383462636334383637313334
65393931363630353035366430393331396533323137366236353331666163343835336137333738
39646631666366333832633331383137656364366635346630353265313865366365616431323266
62336566316165363566316566353665373331366464303962336465643537313664336431636336
39396230626365656334303966646235663335663961356132623839636533313164613939623663
34623330323735613635616162616135636636386366313236363635363736363961313436376563
37333337363235333833613936623030653032613565323238656132623635373064666135663363
39653464613863333361333835303030363664666432313837303332323937346661343933653062
36366131346462343633653762656434343039376434333962663262303134356631646261333835
64343065633433383130613734626163636137366532613036303865623166653238306464636430
30313838373534633833343862646263666137666235633139303833313132623131313630356437
37666139393064353433343939323364376339333631613536313034356261663836376239633063
37366666396565313730646561656633373930333137656565666433666462623462316464346532
64346634633531326530663939356539393231386539643364623937383965663135623333356566
36373533306463393837653061636330656663643638373036636436646435633961653361383562
37396434393166303633623537326538386538643134633039313862623363363436316631373233
66373566393465346661633933373533363331663737363830306631616664373664623538633135
64396364363461386135636233323033336237353331623837633531393830653866383730343165
66643761373837653961366636323666633432303331343866643035366336376562393031656336
33303165353866333538656434393664616666356262353162623461646130383634306631323166
30303065343664326163323061643136363234656562366366333636613066626461
