$ANSIBLE_VAULT;1.1;AES256
61313130333138393665303932306265303330346365356336303964623664373932353531636435
6338316262366335613539356538663630363133323362650a613434636665653064376661353561
38303665363537653231376234346261656436326338303132353938376437326238353530633966
3038363365666661340a656130663631323065313137656531333334356432383834393936393734
31643866326431306565663364346164633466383235393031376134663237653935356666616630
65633034613432353839336334666338613838656432323930643863343738346463626136333732
64653365636666363338643865316165326335386237353665373337303261633965383237633063
31376237636339646433353264646134373436366331383930663361633066313661363964636430
35333666363736616464626230323734336430333737373438313239653137616539333166306134
63623534383864396234333665316166336239303131333532643630386132373036333161616335
62376335653066303938393465633764313536343166306561623063333532663333336463383531
34386666326535356563353330333935366562363666643731383262356437383636633330323330
33356337656339656638623039323435356462346333633365356639626537646135636230356131
65366132383737623833663336346565623434306238643963663439623062393666613564613137
36623163306561646561613934363031613337373731396134383566323530353361313431323439
63316363383261626466363632313836633135616561366264333036303734366264623066666539
31393362656665313038663336343365363762353764616439343262623266653036333262383832
34373538303963383863653533626633643162346265323261326336396432636162373830346361
30303133333836373837643635656666623063353962383065386266366134653031396433633361
32396264336162356461616161666362666466363530383461643636653536396466326139356631
31643538303636656265626234346630366138623438353633303739373935643262366665386436
63666164353231613430373162393633643738633833663638313036346531623565363762353933
33336263393031666139376535626431613431643036366438336363323035333839626637643937
39353032646663313861313233323861663566313030316562383833646436636538313032303034
32323563613036303832333539663939623435633334633965633333386531373034663163336637
34383639363830663631353736383439313336376434636139343336666437663336626566363065
64366131343634663962376562623763306565373363333664353439643137656230373033373631
38313661636134353034643431333638333133626237373162663066633764613335353164633031
63333133366233666262643039386263343133373832623932326335623534346466386239636235
62306333326337356261323230386637303561343262666665366361373739303332653137363535
33643737366431353733636533386332313565336430323131376332653337663764663835643737
66643639353435633365303837343834386663323336636638333837653236383636323739646364
33336130656535643535376337633761353933653562343034396135373836316663633533646564
65363332333666333431396339396433393235623133616562646266363639666130646435343933
61393434313661643438316330333837303661316465336361343164363839306138326562653165
36646336613864636132613834326664376235626366643331343636366431383937343631383065
32363739333839656564386165393337386162663564353962643331666431393931346232333065
30636565373130393734353836363164303964356665626433383936333763306439626365363362
37333464363036333561376534653330333434626264613737356631616430386532356131633463
37356138356434346637646164656561353261303362346364396639313238396664636233326232
39313137323064356436636133323963383137336430386230366637386363333466633165323166
30636262313430633836653938373933623739636339343631383761663264353238626333373337
63663562353835643361343339393763346534626362656263373165383435376631383063366436
36636466326635383365376361323764323362346539313233393835336434656437396130333965
61666539656238386236633435323439313063613464653235373661316463366161376662643533
32353830363665303064666362363763643961333536323130326266333137653135333436333766
36336566623537366537306665666630633362623666663833386133646635313362396432363432
39646235313635393266363539316635363361326666633162623932316134316534313136666137
64306632353933343230386464633866356463313130653436633662356565396139323663343432
6364376532396234643733663132323061663530363864306431
