$ANSIBLE_VAULT;1.1;AES256
36336334316232323438363763663263613837313736396233346433636130383730633132386132
6437626361663334363034643531313134303461363564330a393164306137643830633030646132
65353833393333643635373865353465313362613337303133336633396131626465656131626333
3730316633393334310a356164636234353138653965376633326139353366346236636133376432
65333761333237386638376262303438363332343766653864373237393965383330353932383132
65343566616434386464376164356637333033663235356165353837373531663262333236653837
64396237396231386439343661343538346239326137616261313035303166326162373235353332
34613131353966323131613838613138343134663537363764326237373065303734336162653762
34613366333133366365393038353063626662663738353231656137396566363137613737343237
38383837386430313634316636343239626665386231396235376138366565303362313564323165
66393765393439353433303636363032386464343130663362633235383636666230346132623166
39613836306137353437346432646539376139663533363539313063326535356239363461386464
63633835373930646565663530313834636239343831366436613633306464616430373631636563
38346162653536643666623635643136343138353631646164663430396130383539393162656663
33373130356661393637656337646461326339396565656330656438656265626134383664316237
34633234313066663330373565373033613535333037643462363433663938383965306562396661
37323464623939663235643865336332376435613938376530353535643634346366383233386234
65643964653863383530366532393662383933353337316437303238356261636362353730616239
34353337366263383134646534613430386465616336363764303132363739323362633535386630
32363165323761323233633331353863346562643864616634383532353266363363373135303930
33353739336534646235353539373737643931373138396338653966306134363733656331616562
34393732366138336337363961356238366333613163636261636264613866376437636538306233
64643431393832373566353462616539383631363664396335316431353536616333343033663039
39376664373965353237313630663738623430353666646535393633373036343236653732333764
34323438303663366136326632323738356662626630353363323638623034393335396565643839
38303763326164643130353830363963333635323763346132653061376262396430353632623439
66383535373338626638366530616430386138333965646132376261643536643932356632333435
31313363383035356437643034333735346434373463623366316533396534326532316330383837
62613636323765303534303736623038343466396439316633623363343338353538363465343863
37643231613730333765333064323330363138643962343436623530373262303361336631346233
65326462356638663732333637656131633438626439373038643836356662356335363735643437
35346664643865636233613030303062303137646330623436303634323662346362366633616130
36346135376638633134643031623938653061373064653039616236353861646530383164656538
3339613161633462653138353535376433393164623733393137
