$ANSIBLE_VAULT;1.1;AES256
35656334623330396133623039356463353034373562613065616661333564323939383062363066
6366303965346135353664623163346434353534363239630a663433383732376533663432636435
38323461353030633839323330363636353665336230623136663830383335376331356336616430
6630356163343131660a323433613339396464373436623935336531363166313464656461396338
34363966366665326562386462666630633532646233616630316435343433663833303965626538
33366434393663323461633335303630376431383636333738336161366366656366343264366564
66333061626638363961653332383837393564653636383934333061306236613761653332656263
34366430613561623632643638363032613137316363393236376633623432666430656631313135
34636665656131396230616439636463326633666430353365366332376634643766363637653930
64313365306662643233653865343436623230346139386466616334633130656231653862356331
62313133633135393531306434373639313336393234323932303263333838343963353235643632
35356463626338316532306639303263633134636531643632383032373937326535333762663233
38663339396434303838633136316563343166373330326163623333393666633435653630346238
61633363363337626234656164356461383638663033363832666261646666313637613536653739
37323638636636623165643035643861306236643266616662343134643539623730356338346663
38623238336662666230653562616364323362373163393266333231663230353836626530313966
36383038363931383031666661323965393133313566353937343961383337333663333634393636
35623131613932386161376635666465303564303665393935366365323565303533623266623033
63313966313336373364313136666439303961376330343836303961336432656332356433666435
32323562666464376131653632343565613733663864386434663438323332623630336339376262
36626436643166356166363636326438356132343131316239633636333230626439623266646361
33316634366635363733326561363138613063356461626231663566623963373761346137666631
61363937646163623865653739343163656632376230363664663465333830393264643266646566
65316565313737663136303064383164316564306461353961626563393366373033363165323530
36323261643637613239653232383661643632393239626461346539323438646130626435376364
37346439633563333963356338383933663166613261653038333464313335366333323832373932
63623261376563393436656161653062636534336138376536656335613833633631313931303464
65656137633039346366373764653038326461336637346139343832636265646262333366393365
62643337303163386661396232346266343334303932386462613361363266613661646230333038
64353837303631333734343332393832393166636634616435313861653830653131303933356536
66646433373666323562313432363239303632303865316631323739323161303735663763323637
65383662313337383235303965303736623066366330333864316339646530646438626336663035
64616162643130323566663637383065633566333535323339653031316134326632353639326631
36393733326539363530633936653531396530643834626161653038326563616136353033363532
38623736383338616362636433346237316433306166623830373937663662306234356534363262
35643432383564363932353635376365623964626566316331623534633864383037323035376131
62643561376435633635363961666635616561383066353138633035646561623436373035653635
61333264313534323630356461313263643231633436613366613937333962653736366465306634
62393865653537646465366432666432666332646430356634323934353331373235376633633831
32326166383730306231376233633938336639326631333034303163396438386532326433653631
62333063666633323238306361646433646432376132343564633365613038363237386535633663
63303533353062323832353335386366313233633862303632313565366661373739623734386236
62346238333061313865326139613433616439653631346234643430333666626330366364636333
62633661396232353235613935626338356134303037323065643565383566343136306339623039
31626265616165613733663530353566393235363464663239323236313537356233393261616431
30366637353138633063343863313465326130656133613337343839333663323831353762333634
66316262663837663930333062633934353935663865376434393435613130663463373565376333
33653236666464353234336533313466303933353234353763613137623961393631333134356431
30626263663331633965346164643636323136343236303431636363323935303661343165623361
31613261303130643766323137343962646565646436383536356334313439656566613030613866
38646261633534326366303261666538396636623431326465323733353639383336373963303966
64626636633537646161363731363634613336363539656561323434386638653361343334353437
65303237653864646465643432383239633331386165623631333465366431643836346339396164
38303238643464313737653532333366336634663861343331613365303230356536313938623330
66396266656566656165346435396135646163346239336333333563363336383961656564393937
33333366663538653764623037653563373265346534316332666633333830396336626461313864
31643736333937633663383766323632336561653531353933373763663565306164353763396534
64303339363838333530656534613534336665336131626363316563393534393739353934373134
30646361373465396239663033346666363035396433376131383062353533643065626430336131
36353337396632373438356566653934373337343632616337333738363734613737303430626630
39343337636664613336313939326630353666356337666661646431363066386364376137386631
35333734636439643639313733393865636132366232306334356666613937656466393165363334
65633464353434666238373036656339336633623331633464333332393764313033306266363934
31303835623239383438613663623565383332653238346664653739343765623536626363666538
65616363623262646238316339633939353264666136623939613037663037383266376561653336
37343432643939343334323763396365616132343436336464343465646162346132393633383465
64393631396562316464646433623938303132366431333035383537653965353033396563363739
37636631383532383731626664653139653334663362313933363666623538333936383962336263
62396236343262643935666161373033346135336236303462346238643964333437326132326566
65326334643565396162356538633933356631336261363739343863356665316162633030393330
62666530373165303962626632306638613631333936626233643863633339323236336563363861
64343230346563326634303333656534666137626164656537346532663633356432343463653139
65313566616333613339663934356464316239343763303765666130623939393863363833316363
33333231623835366634646134313765656630333837353964303239623764616665316264373130
37633365313531656338323366303333623934333461366632393366363138613563386232626235
39353265353134616439626134643835393239383239653966323165316164623635333932663831
31316333656161366163356365353633623936383561393339323438613334393031653038346231
39363166616661616437363338303861346634383732326230373739646136343133346338323835
64613438343565666139343936633738363864386532303366636164323334336233633134323532
35626632303866326663383165613263336363386230383263333333303265666232363131306336
36313966616261366438346638343936306234323064386437643961366530643537336630633236
38646562326234343330323039333634356339646565363362303939616231396163656361616338
65643265386134663264333365303466663034626539633161396633663138353539316233323839
33336530306666613432356661643561656434343532383935663432396661653131383263373930
33386434306362396462346333666331316663346230656239353631353235376236643637623462
32653364393937333164636362643436353139373332383461326232306631326230346464613436
34663831663833653632666463643537353134646137616231303338333137393335663339313730
35343437323665613538613730363939653734666337616564343765336133336536353365336133
63363564346531643464353631616533386136376366383137373134313331656463316335653464
64303366313331326565643865613835613062366431366462626233623230383235363537643461
64393466653162616639636561373162313566333937373062663461656334366166663536636531
32323337366261643238383766333137383431313761656435393866666539663835643330313633
64633330313136393837653262343738316137626235653237393833613136323864376161343037
39666133313039343034396163343361323838333461656432356461386339343332386535303537
38336236643333616236643864633432366261663361353437623561303831393363616632323565
65663863356465336333323461653465353231316165626532653830303766313438313832663932
65666662323333376161636464316163626666306330356238373938343435666337643665373136
63353461333738356262313530383761393734626636623035613365303162666538336439636164
39303361626437393436653636333966343931323661626563633765633733343539323831373937
36616464663534623934323334613565646634346338363534373837306637323433616534313732
33336463326337613133366432313534623834336630343764356537333262353231666337376332
32353139633630303365616139636665363934633239313837333836303361636530373838373038
36306265363838376566633265373832396132653634386330633031613833323563393836363263
65626331303266613132636334363931656364393262333031353031336139396364633864356238
39626537623632343437383365356137346563396539643964313635383166386561353638326564
31353533316335386239386665303133666634363361633234346534643365623266663534313663
62396162636264356333346665366465333965303630636636623233613565336561323363653262
36333335346536613033373461646666366437616165646132356439363739633937633566666236
37383065646463616133303962376134613063316635663061666261643934373864323134323938
30353862356133666566633432633335383238613364656137616437376636653463336634626666
61663163303765393236656662646363623664663538656131356162366633613462636465656235
31343264326665316336643965356236653839653131313337343461626630383438306466333130
38623337623165653936313832366236326434623465663732633730353032313430396238346462
34636633656231313239663061363865383164303164633136623534636130313432666664663537
61376335346637353739333132353236303331303063623866663365666539383232633661366436
62396230363466393333363730383433656331646136353533383366333533626336373231356366
38656463346662643338613734373637633236333339326365383534346662666137326139383665
36303734333339303330613365636364356430306163383463336131623162626231373233663130
64613064386566346365303162623132313666316231656231323439623133626332653731323637
30386235313034366638323263313030393066353536623663613638396637306262323665383934
66616634623964316465343235303530356365653530356365343961326434646633366662326139
37326235353161656131343332323838356566633838666265306531366366623630306230303639
62633861376535343538666137313338333763363662646661373262323965663034383436393836
34383835306164373932616438643132666231613339316533316632343230366634326662343734
63393534396566383563326161323331323364646536653165623733343134346332326637666562
62323031666565323063643839373266386431663836616265643265333565343634303231623034
33386465336263326261336631393135313838346338616330653436356463633063336135356365
62333237636138646661666666373938666235306237336133626136323339323363663035346562
38303534343137393266383538666165323035356265613061323464393861656339646631653865
62663535383936653734313262336132336463383162646361353832376339313936343738333966
34343835376537316261663036316337663234643938303765323032656165633566636161353533
32363435343635666463623538363132343132393539623135663831353763313635353335653935
65373162396236643732643162396536613165656434636161323934363062306632633663643061
36326335376233356463616638353638373936333334323636343339653963656664613639386639
64616334633463313862313331343339623434323738383434356438306333353362386336373833
30616363623261326635363962343266303932356133373965663833393534613334643466353933
64656637663965626162303039313465656532373833366661316463373334633764653938386265
31336131316532653337346134303064336666623836376564353033633737353036343733336530
38393331306638663861313137356265623532316361643565653234346536643338333038363337
36333764333135376530313833376130306434613030346261626164653761653861343135373337
35316337326639386236333132653761613963366537366235333035666339303137326636643438
65623632333666623765346131653232306462333231353338383437353166386162643837323032
66643561323962306266366364343839373431613663313461373331333036376436333636396465
64383162623736393130663331633030633730323331393639326635383461613934633631663539
64323938373738303236383632646239333530333437333266363564303461626465353762623965
63323732376438613338656663633435653735666333306465376232643236346563623161653133
33663330373839613438323663353666343665646664383638396433613430396435346234656230
64613638643636316639333664303761306531366531353662613239666231383235663266396439
35663931373861626563616431323039636563303839303866343839616634393261363136316632
37633335393563303836623164663733373436363839373563326563336261623138316264343132
65613532323263643031373061323166366430333966373536323731373134373239353363303863
35643731353236383036343034303363373865633166353430363665373961363065633938646437
37333133613937393362393463656234316237646335363065643136343533636235323261333566
66353333333861306661303638366231663835336263653434643137633233656338383239373466
37633931313437623662636230363561623835396262653336623864376635373736333033333831
36653837613739303236383533376365646633366232613134663564343434633361303337383363
37316365343439663264306533666461393764393833323431613438656164323065383634613964
31353462353132316130336431383439623133613561313936393966383735343036323235623265
33383230323731323434336663306335623633613565633262376538623230343832663462303834
35643639343731636536616233666633323263636435386562646135306336613438383961653763
39393034376239396662393232353464393138656636633438613235333930316165363830663834
37353834666264393738386531383036383432363038666564333537653538393064616565303666
37613662653935393033663135653065643064366539303737323432396266613539616264323963
31613739373463643964643664303538626134666139363666376263343135396565393933626664
63313763396236383930333866343036383665643639313932616138366365323634396333333933
31633237336634396561623565343434333663336133653438353562396663303637613935393264
35303162356563333837626166656138613062643461336566633639393462626563343237303838
36626261336330356537306435306266663639623933633561393564393261323364326137636639
62656161343736646437653939366236303436386464303936306135313666306230353261373635
63396638393339323366323363653166313663356531393735376537383665636638366538643534
38616531383631383033363230373737326136313738653131616239393334303230343532383662
65356438643938653066356234386437373566373732353966343965316162633535336661613833
62663332643233626336646434653531333630376465376537653735313133663632643530386335
62306535613333653539663538336639393065626134306565303261653339343935326437313433
64313962663332666263663132616639383738343564376538333733313636656636623535326138
33666161373334623064653132636264613865663663636664336565613961316633393934386131
34636439623632636163646262646330393730333139333162653832353234633935343563386562
36643862333939616131623838663461323733303133346535303439653464626561323635373832
33616163656630333864393835653163666164343432663230353736653263653132333263643836
33396663336165323865386537303537656530656537313732366236313035313464343235333739
33363333626165653965376137616435613066313763343333353234613135326461633935353336
62386332626334613132623434626338356230343137393936386262663966643137646465646664
32623265383837303262303765363866383132393038303033616437343537663662336263633932
62623762613963363634323164646438333761303162303634343430363363646462383336633733
36323931386438663336376439386237326135313863343133363137663063393965336665366237
63323565646663623034656439303635343533303132346365353265303961643639666432623666
64653139646637623934393966303737656166646237333930346466656266393066316132613534
32663538396361396538363734643835643766363339383866653132623939643931666137393432
65633732386561376361303235303739303133303665303339353236313931323038616539386631
63666239613432303333343037646234646430643639656433303765323638336636383530663566
65313361316662383461643337366134626262363536656634656233356338616565376335646333
35376464346666366231326435373063643632303731623335336464373562343065643364616465
33633337366366636461313432646138623338326663396231323237373463366336623766646632
63323632383031323966623238343461383163346130323230656662663932656638656165623838
37663936633930623062303665313037633632356338373232623235666330393938353962383931
61303034333636646530353438313935326661316162626538643135303132353336376134303731
64396336316536323934346463356232313465633430366563316563363939326336623635656136
30356332323832383363646562363839636230646435656563656361366563663666656134623039
64323865396665353332346366643733373963396265623933633334613936353634323662636466
33303230356461636665666361303433643562363430326130356639326662353164643935303366
32303631333266393164656433366563323734616232323831643661346264623164616132373461
33656266343065653734343939373637343562616662316136323064613430626632363938663866
36386161333830646637663665663534313963336632666632343232323732323462383562653533
63386464383465373762343635656231626461323432643961326136373433313862326263663563
63613538323531613734353435333537363564636161343161656566656130343863373632376538
32656235633239616435666232363838313234613037623837623338656537633730353738383764
31356535613064643139303439333930396566343437623439313337666362646131346238306233
39646530383733363265623337333836313338643064376239613635363835626262313833356166
34366230636639343239333936666662346432376435396130643461366463643538663163343263
3338396165366539356433616264616661373465643038396230
