$ANSIBLE_VAULT;1.1;AES256
38616632613231373764633937353466633835323637363833336562383864373431613562396334
3332376561303138393234633031333462363964313633650a613336613961373862656232623430
30313138303661373162343836613831343131646337666234623330666364346262393234623462
3461653762623965640a663364383938656630653434653139343833326434633162653663396566
61313964666231346466313434373933373164336638656664373635323431663935653066643566
64343938383334336636613534643231363762656233663463613136373561336237393238366639
30323435343166356332383239336461343839306637363130306536376665643637616635306134
30363032646563333534323566646632363938623334363939323063626465336631633135643530
31623564653930623964343865313063643164373439623462613235346537333964313234323337
30383066383937666339353036633263383031303130643961636634663337383632343435356263
38616130343532636466623135343034363864313466313339663463646266326162643834376138
65656436393139313563323265396461306339383064323637336662336261326564613934323330
36303461356433623131386465383931343937633433623131643039616564333139353061626638
63356532356138383463663234383137623437376237623733306161633836323737316238343437
64333736303430616133626531663136313530313764636266656561626135313530336666653365
37326135633566303933
