$ANSIBLE_VAULT;1.1;AES256
39363461653638343031353933363961663732323361346331313734343365346331373137386338
3566643435623739386237373931343831616431346231390a636533316539383332356230353537
34633363366430346233356431646138613433316435613063343434316639313032323561366137
6230663932373966390a366533343135633064346234623561336632623033656466326562623735
65653736616137663937303039346538366363366261356161333531326333356535613965653338
63643962386632346236623837306533613730353761653637666135626639663462313331326137
34663632616633643639616164346435343131646637626138323961636632663061383338363138
31316633353638663165363035343833373738656433373431376536313265663963333365656161
66323562353930623232383237653963376432643735656439306430373062646238313536656166
63333266613863386139396235306164623733376661376461616530383535616232366337333232
36613436393937633237396662626336336437353062343165373362613862343937623739356133
63373062643363633161366361323964306438653737356338366434306639623537373336326562
63623062373664336339363532373130313063303239346530653763653265356130623034626663
39323863373934333865616438343461626463396334616233366136636364373165313930393939
65326138613336353130353632373036653135386231616463343766363135366266306136366635
63626565313065623364393733623932353331663462643536376133323361303435393461636566
35306236316235636262666434313533653833356333353532653265386461613864376261656239
37343534623933623533663164363032336261316137356436323531373766313565616530393664
30366436323265656530343634643331316531663032383538323266363666363762323963383738
33383066306533343134336631653163393537373636363061643564323639663034356133663637
31353131306436363238623264306234333263356665303262643162366662646331383138383130
61353065626263653564626630386237366131643766636163336633333736386637613061306465
37383065336234626431363562343161656639316637366637636466396334363031613264613265
61396332323836343434
