$ANSIBLE_VAULT;1.1;AES256
31393966373231316562383936343133653338303230643830326630376663313361323866326239
3435636563663962363833623862356534613135633134630a376631626365306166323061313264
32323830623637663839306263323564386637336436366330363766356161323737333836656237
6562383435363932300a653362376539636262653566653165306166306235393662396232653362
63356331383237393963633238396635343161376431623433396565313837623864666134646536
31653031306433303565396436643136383632643664613438396639366235343730396234323830
30353238316634313361656463666538396538363036636332666434343831313839326131366163
37376432386664386232626664613064343932373330623932663530383566366665333135396232
31323530653561663035393033613437613961313533393866363331343938353661636566343663
64643037386638396630633636633061333432303238666633363137383630393535303335616361
37326233613834623634346438626432663631643662323762363264306431346165396165366439
64353737393737393034363738306366616434313431363865333262323965613235613534323264
35343664343264643764323536663136343835626135363665646561393834666432376463663466
37326361633463346463666432326263313565373935636431313330316562333637393136643932
36333930633139623431663064643434316338316161326336363365383934356562376361383239
61376562663937383130323433373334613964643934626531316236346663323938383761633834
34306330633162616566653433383264336434653734336261643038396338623461346436313639
62663331666532363962636265626236663464363264356130623864663062366565396335333266
30306437336536636232323431643064363733643366363031326435626564663231353066353865
64346333383566393338346164313566353230613832306164663635306162666338666437643165
32393838653539333263613734363037616335343931353434306461643239333831623264353639
35623163643539313465356634313737393562383461326333663263356262323133656162323034
66613733386432343734636662636235626466316338623162663463633163336531346336616137
65333835366639386539643132323763633535386131336531396436383233313531646134383262
64323735393561396638386231313230323031376635616336653230613637656130333238656364
39333362386239656237336166346632316330646631376635363636353238646639616462633732
39326464663233613533386664333138373365643633333538326162623639653933623531643036
33626364346662653333316634333931373363343261353463363832306437313262613766346431
37383163383137306339643132396437386139306134643134326365623736323536633930363337
36353366313930636438373037633263643537643035646239636533633237626238353232356434
65383465633730306533353366656131373239373565633638636366306362633665373866333130
65303562323736376534663739633561393263626237343763326666313739326236393436653265
30356465376132323638613861313034643661633531383762386462626434663637623531393332
63633861623563613730353538643633393861353864613830666330313239653937656663383161
62353834663537346638303964316330323639376437326135353735666635353030383030363537
64303739643562663137653365623030643062346230363162336362646464616231653865633130
33633434346134313533306533393934323439363238623238316632623864663464353535616533
62663539383066333162656233643065616536656139353935336236633765656131386337316462
32666231313830396239356564393034343961616164626135333935643737306233306632653330
39653230366432393763383664353661383861356239366536643963353436303330353962336133
30633231386137313361323961646363633939313262633534656236303531373632643539353735
34383934383164646136363439616239396466313534316234666461613237343661356131313635
34636264303163303632326532633863643939383561653166326430616533363566633430653431
34646232633362393266323536623530626339316137323133386231353336643539383663333863
62356433646138653762316364656435303931326535383433626666356561646639373233353061
66323834376266643932323539333661303663313261323565313030393637663238646333333636
32346338316436376634376262663961613934326462333038633036323565633838383761363337
34386637613061633762393761336364616133626665346263333262356639333433376661376538
39306161636163336436613963396636626431303538396330383436303437336637396465623031
39373264623963373539356237643235363332353839313965653539303237323635633031393765
32343831333335313332396438383665623434363362376538613565386561636464316262356565
36383663636630623333666234393837386538386131336265653133323038353134356333303837
64613134303934623234393830656635333139376134363339316462396430396437383532626436
38613632613138376464646538373635623866656630623539333933303432383938343437393339
39393765306564393933333333303766663964373735376135343633343032663138643438643132
39343533343735623332376666303061636236373861363337616533613561363137333736376233
66333366666532356238633336303338346637323039636564353261303234666465373464383365
38396661333631646333656461623232386434383366386261636132386435616266356335363732
63656437633237636161306534323166396136656333383961373362393461386338613333333236
34313931396132366336366234323663303833303437623461383237623639323937356434393264
33373339643365306637653565323966653138393566363062323430343231646630396663396364
36333363623938336132323638343761333734633336373364383536663538633532663630643430
61653337303335383133343138666631356565656633303462626637386662346466656438636137
39366330663833653039633031663531306363343432616466653061343866306165343966313838
39646637663735353661613364336635393030373361333036653234643638653663386566386664
64626436316136376237393231393731663934326161636235373463636634343034346130663734
65313961393937376665623563306231613166633362333130313636353765383031346362623533
30353335623635316532326165633238666561643034626238666630643936323635303333663964
35393461623361656163343732646439323963643934333066333039623032383833643335633331
63383964646666316362373534353035393065313038313162343436623265303336393464626430
62653434316464363338376666316634333837623438646461323663363564616137363464313536
35653234393264343833613362653838366266316330666132633030306163326336323764326532
64393061306530383563313437303238616361653236373438303738613939323439396166623331
30663765303365336135613866653264623630346463326361653538383965303633346364656661
61313039333432323161383735633939653763363566396135356564613565333337623166323561
34386332613836626330386165386130653639653564346233666564323439336463383239323661
36663135393335666566663263616631346164346265626164306661333339646537646165616639
31633531636361363037363334316530663836613732386336613435356637313537373431636561
65643032323334316430336336623966343437343733383062353631616463383166313930353365
65353036663965343930323565383065633535316164663931316438613138643864376462373764
34323636383039633939663066336232353766353237613861643166316332393139363638666433
33316363336139373566333731343761343463636530353366313732313132353639316665386364
36633161666264333037343266643331666637366636626530393663353732633538656332383139
39306531623565373938613037336232323332366563393361643062663065363639393465623565
39326338656235396439396563646531333630373135356431393630383233343835303732313561
64646566653135366263613931613263336636613963666335646463663034323336396235323034
32366132383138373532633436643764366333326532623564346230373633643039636338663239
62656430323731363237313564646339643837623766633237663665393561343364336364373234
33643632383534613232636262633466316238653766316533383766306635626331613631666665
37396162313235393633326631396536366261376437303634653039373938303162323634323136
34666630373264636536393435326538346330326666663864333534323932323365346362373331
30376462626638333136356264393139663831383933333266326435303663383866613736626236
31376662613664646330633165663135666432326465633336653533336534313536326264346333
63386662343563353063626662643235383365646232626433653137646138313864666361363663
32346262333036356630356530323933353866336236616537613639613432393966396362396365
35353266373262303537323662316261353262306431396264633063633533616662376330626333
31323438623463333766373865643865633335313037313338666366396137306337646234336535
61373538303737326335396339303935363863613164363333383637323532316137373963633837
61323365383561316536306635393361346232363061343364396335623363336631316165363135
37326239343832383139323939383866396539386432616537643034623632323434613631363738
37616430353536613966383565663630653463393231333433313662656237663066366635626666
63636533643365356537656339643135633834656563366266393138653131316533373735653439
33323163353237643635663734323634623432646334346435613434636364643130313832653233
65613161356637343562313730383439613330343364333630616566613730326165323233363735
66343135366161393837373634353038613266666230303734653364393038613736643265616632
30666462343935383931303136373866393137656663643761393933393038386365373435383936
66343639383630633035376438396466623437663133303837623234663835323337373135356436
33323463613034623633323635626638616162323665326136373437393863383133613633636563
39353438306130613262623762376134623162383231383562303631383161306435383232373533
37323237313435303964373562316134393261326230393535633166386332623430346166343438
64343536653636333031636336343333373866653234333966656362326165653861333238346337
37363238336661653966313164396563633464653262376431396433663736376266333038343231
30653061373061633861373336366630386633333637356433383630336431623034666137306164
33303734633238386539386136373533616430323130613266373063663135656362343530616535
66356637663134633737353131333536353631356139303764346537326235376466333635343462
38626139306133613330653264303039376534303266333464613938386165323866313062323765
32336238396166616539613861303637313033333962363566643039613966383635326662643433
32356139376234303533333331636466336366623865386561363864316366613238336130306661
63616233383532376664383539366566643862333131333338656261623635363837313731353235
62643232313437366463366434646533356432646330623661626531643765663164363464366563
37613533323561356434316131646665653161313461663662383239306230306664326566326631
37623562313531373332366335343464313838633461663735356362323139343334343866386339
33333762613065323163363636326563616631313834303731633362316632323239323061363539
34366236633334393963656339376238323531613864653661386139663962643661333934313636
66623764356330306565653432633739623936633735383164303866316636366161323739333033
37656638363431663733636330393436333538643061383039376365626633346364353462633438
35306265616332393964666262386234643164643134643330343036333638303830653138386439
66343735333236656665376364323730306538313731663038613331306266336533353861646362
34353630623935666233356262303536393837363638383930666137346563303138643961323262
62346364383830386263373761656431666131616437316633396432383338633264363066663236
30363130646333666430313433653535616538613339376439366231646435633638323765626431
63313366366234306465303934376463653166623634646266613432613461613532633262353862
64633030646166363966393261323365613564623732646335623666633366323033666535353430
3636643131343736336165313837623436383239666163653230
