$ANSIBLE_VAULT;1.1;AES256
65623064343735386664343633666333663334376631353330333437333539633961303630346634
6633623338363338336537376333313365326163653239610a313563663737323365666238363536
30376366323932653338313336376633323262643536323162393338363765313338373361363034
6262373135616339620a353730623835653165306538623463313164656366306361633236343737
38333761336663643036616230613163663536626566356536333162333132323039633964623265
65616136386230306530383933356238613137656435626166313332626138643239316439646565
37666666626661656131383533636635326333666266343030653463616664663439303632363863
65303431613035366464626663663737626565653864346262663938323536326164373531313263
37636539356636326632636438356331303139346133356332386334356363326366326236306431
39633835663466393534393730303334393230306331353430393735643261366535376236303932
39616335393834643864643235326564313361393736626164396332613432613938336535363131
64663238326264613937323439643537393431316666373564663634343065633264376162343435
32383961623638643934383262663332613730383365326132323931373964323730393930386236
31626662343037363632633563613232383638383464623261356134653964663235663734353030
66333566303433316631336664333736393238663435383532646664336238353061323264346133
33363266313237363332366262343665303233333462653261326463363861386163613633313634
62383633393032363464303566646364663463326466653435616539303834346165653466386435
31653434653537356262643434373861386531363430376234376531623438666136663432313664
62616438383133373138336534626635343633306436663865353936303963653464343330666663
38356337353062363132393632363761346130316530383431306163306565343464313261383337
62313337363065666131376630626631616530333237323136323432313164316136613563656236
37336339643739636630623833643564353733383664376531323330333463316166636232656539
64623164623064343161363836323738386264306237656561306566383034643636393565346565
32643832653163666263656265626462386362663938313765653861373736356661616532653638
64663634623961303766656166343163303566366433623739626339316434336563643538663931
66353665353736316364363737663561303538366238363637376139626538323537306463343334
31336232303366313134376166303661623235346539343163653861306336383236316637663034
61633439383632323936346430613832633061333265643630323062333531336131376336653232
65636231396137393931626465383464316562386462666538323765626135653161306239376161
66393664616462346338623963363438333732333565623335643864653639386364613165396466
30613834336534323732306139326334313236353763393936643861303832303438376265323534
33663637386464633038346237616462373131386637366363363036323861643632303363623131
38663635616665653765326436663838336232393735383032333766633261306364343962663963
66383831656162636165313938653438653364373730393230663165613132643764306432356265
66306130656231333830333633336632383935346630656439666337323834313234633036356635
61343062383034306165383162363830666163313164363237343433313630386335626266613830
63646333343130373062396266363939343565643536663536353562316238343939393331363264
32336230663366356531363331366661323262333436383036383235373630383239363963313738
38613131666535343731613938636332333964633063356533633932343832663463366635303565
35336330643130633364353235313263636430636665666264316435376661336133326534383437
30656563306565396561653262636139613234613964666539343633666664383861653438666133
32383934383633616365613930373366323266326163366265343630303465633364343233626266
39326531313965363033613466663466303837623464633038383137613138666630626633626439
65643965663331643037373436616637383733663363346533336135656531386232643135626365
35646631363137343635346233373934326538636535326363336334353438323033303861346239
36633035333966366435333831613436306537323563393135643435386534633135663965666330
64653739343666353230386163313138373432323330333537656235323366316631323763663135
36313263306336366337393166626166653163376164346266616533653733343238303431346230
31663934656131636662356364646338643865343039633265626266636131336466666361363465
33623035383962313763336138396639666536396662313039353566303864373062363964306566
66336332396639626333643039363539643032653664666234346233373633636161353863313138
39656335313332343062623636613030623263613131303335326462643366666437333466653331
39656336303334663933333334643937636132393231353931626630353161353165303235643964
31373036663961333638363266393963633631666430653365643261343432306237333836636332
65373161393033616435623130336430346334343361306364373434373030336165363037666563
36613832303733623739343139383433656539333065356230643233646138643238366264343839
31386365366231353561646630663430396334613737636531643262326462313966333032336138
30346231306530353432663734663033626230346530336137313661616566646537393162343964
33633037386266386131666134366463353630393739313032306166643237636564633261646134
30616363343839653535663762393739306162333365653439303139356336343434393262333130
34326265336531383364303462623734333961626661386334643836656134376362633536653231
64663138396333636331613061363966336632373038316361343535353335346534333330626236
35303834343463636539373036613637356637643637363863393933363965306461323464666362
33396362393930663539363663616636663032643334636231306132353534623233316434306165
36323033313637663661326462353938313332346166313061333762356232633164316432383964
35653064656132323333613539333538613332356263373165343662306236326636326263643933
39303362656535306165326238663561666337633636373435653234386164663663303938613730
37626432373830353065663333383764306532383335633865396637306531386361616239366465
35373834616132356563313265643032373733386261323235363862613163326239303665343164
32326631653839393164363165656332373338326565376338396339396265623665363138623961
65303637633262386161326231666330393665633662623132653131393665643434376433613935
65333061623634616631663363373339333161616465306234393432333862643763623238326366
39313937663235326132333465616166363739636336313866373934613062326332626333653931
35323932333437666530353732306235666166393466373239383536393163373337326635333730
37353839393839613832643762623937303630623139656336333565663663646564303530653566
36653938643335656162373931323063306466653231313662623366386366333534346632636531
30356265663364613261376334633639306332303962366231343830666164376462363862353237
35623861353965313438343564616565383139613031613635313538396535313734653261376362
36663131656365376332646663643664366663333735636132393834326263386433663133646630
35656534646330623138366437653630313064363431636461376562653562636331386537616161
31643539383335343963616663306135376537613432336535616563323337303064343862313664
34393664366139316431663832363961623366363137646261663833313239653231633866663438
35363836376262343531363138393462656339376633623933336536613938326231383034363165
38333462356436393136313161323032353932393763366466653934313566373263343139626134
31336532663262366432353335623031383165656538373732316131613138336261306263636133
62666233636235653537383662366333323930333237653261323466303238396666313334646263
34373831643030376336333739336434653233333834303531356133363663356562663166656464
63636530396631373438363966383966303565666435313934623764666333336231316264383938
36623031346539633766643933616538346361303938643338633865303732363737313865383938
38343935393561303736656333336237356562396164373037336564656133646336656665303936
32316433613766313661313632333231636265353461393535633565663162663939643234343234
66613537386339393132333431373139383735303139306331356464313566333934323664623137
37373266613136646465366566626235643265353636623631373631316261613866653230363839
39666264353133353761323335366338643562373833633230356233623134356334313162633834
64303764313663363736613039366434663861366135643236323064333061653461656235383964
66313135613265333034623666316135396131333664323161393266316235653033386330373965
63363135333533623864313863363062353931656466626265373130616661633163373930306436
61666234646538396532613433353265333462386565313730383561656561396165333461653232
32353865303234313537346538666333663763366331663134636166643330366135633966376233
32376636326534383233656562323432333663666436616639623833623135356238663064666133
32636262633035626234303731363439346232323332383066336635326464343164363433316535
32326438303539626163353038333865663130353138643364363035366266663265393336363133
39343532346536656238326134653231343136393562373835353363353034613865333138353538
38346239393862363361656331643430366566353037613538626536636361363932356563343439
32316166343730646337623832613332363437393334636434643963633437643732306332376234
66353263306462653433613336383039316463316439333863643536303263353531623032353365
39343734303534626665616334346662306138303066336430653431663636323163323862343964
39623233313766306463366334316637663339653934633230666135626464396464366235626664
64316635616335656462306439373666363566373164663864346330323031343433393762333531
39323239646537373934636234326637333532323735353730326639393231373962353731643532
37626635353938663166343336333661343134396263613666396130393438383132393831343066
37383066646132376335393632656334363131373362396163383866343565353434376631376461
61386130393866333934396636303236616634343636643435373630656264643865363637366532
65613965396535663631316534333562363632653135656566633766653564633734333133616435
62643937656432666664633633633833626132623139373830656566646264306632353261323738
32663364633932646236393963306632383530623630613562623236356261313337363631383865
62613232396131663763333166333039373665313664613831393134336635663964383063313736
66613962616463316630656533396263323639313034646338666663633265626438396162343461
62303735376337623361366134646339363135356432343363653631393038653636303331343662
34666364623337393962323039643236373333383633656361353038376364356535633830333230
37353364356236663237383735653934383033646464316139633030646436346536343632636164
39333335613162623732663233356633653961643862323138303332376562366532653632633332
38303531363133353765353763343936633138653832396364663330323138613530663738303832
32323766363033393364626538623132373636623236636261393564633338376162663138343735
61386434313230363533353330366537386261623466633666393239363863313639373435636364
32336463306337326163396234363631633034643838623431633561623637643363346135623131
36313930383637383664663366346261303530633764336639633933633431373836656635383563
34626461626637633037356363353438643335386139633931343135386262666161356133366265
32373437383536396233386438623536653566393938396632373535396166636464323362616261
63353137633735623362353837366135306435353038376565313863353063633465336235363136
62333433326536643730383130333838623239633130383163383936333463376231396665393738
62336131643032656133656237323964346239663539393364316662313234663734396361626432
39303737313462343666363133386464326231653565646365333239643636363535356533373763
64303631616632376434306238326236363531633733333837653138343763393131626562653661
38336536633336643831613139633833633932346634663763323230633637316564646236343062
33383332303834363765363932323161393636373362356530636264376630323730623930313363
38393031396661313537666436336533373536323564303632616132353565343634383965366562
35386631326162356165323833643539666336656532356137376539336639363335626264373465
65306438663736373964393264643963656431663361373533623566663933373930363032333633
62343361623833663065663864386238633361366435333731646336333338343431336334323034
33616364643331373363333262313533646230646564343763636331393036663236373330653763
64663930356665666230313731333532333137633632373161623430383236306331383062616137
32343237383930343430633032333238333066313632623366616662396464356630363631343966
32646136613036366565643435623135663233643966306334363334383537306633653561393739
65663439373231656535323232303239346361363238623339643535303563666566633966616533
66393139393830353330323135663265303839353538326235363861613361613733323838633932
37313133333533636537616261356432383565313137363938623065643732633065313362626136
37623262333530623032666432643464393537623135626536663461326161636534666531643039
62343132343339386333313937383230656439643465323738356233663061633865336363636665
31633664383635306563363530633435336563373330613231646561643632646636666130353965
62626236656230306230303461346134333631613962656133636264653936356461353764633333
31623566333731376332326461323839316238373231636133306333373161336262343237363964
37373565376265303639373931616335363165326365613239663035393332383535313262643234
37383763356439313230386665316539333432623061343834393234346333346236656335353932
32663666383630653830633130643839333733303835633738636131613132663239336362306132
36366339636639653633643736386632353465613137303433353130346135636564623035613532
33623137613731663265373836363436383830343463313062633166333365356137343239313865
65336638313862373931616535316565326563383566356132393061633235353231623464303161
62306266353230396166343535353332306337626339643936393736353636383236633866633161
31643930373534333439353938656262653539363636613633343033323732333063366532376330
31656530353264663336656363353765373366636139613238633131393036366232656432356635
33383735663561356631383239653665366238316433343764346530656536366166653562353537
38646337376432303162653635666533376463356465316435643762366261383465626332313438
32613736653530643838616330626531616135306466393361643937623266626561356665326235
37343961613734373336313766663764623564663765393233333231393537333164363533386162
32333738646261326435353933316561663731626166343531616662366162313266636162306664
35346365303666306238643062386536343230326661613633336366646436306637636535336235
31303532303539646135663233396661383961323665373234653332306461356532333537663761
35633465623462376462616532316436346561323263303338663936326530336265613630373839
65386238306631333866393161313632633534353935326361613731363737396365623434393863
66323439333335326363386631663164623236626364373263613465616466366339613736636561
32626161373562653734656664386435613161633361316235306536386165383066633132353062
63363566336237383833386661653462363831613436633264383861633035353166626130383937
66373263386665666263623538323065363430343465636232356562623934346536656363333064
62326466356535323532643764303265646137626365343434353865623061643636663835343931
33343364323830323932313563653063353866623261366136653638383562656337633238386233
30353861313437313863346235636363313134653838333963343737656565343664356530346265
65656633313261326462393232376331373332303231636535343437646235626233376630373266
36636238316434343937303664346433373466613930386264656533363662646136343831643735
30303765376562616133663830326333316665383139666137323365323263666631643061316163
64613130393864653032303066626638616362343534663964303939356166643039666531633937
35636363363330353938616530663339633930346333383665393065336136663333333866303132
38393234643833633465313361313434653439376666376662346530396632623662626130663333
31386564323561663566346435626466393130356234653431326336363138643063656266633264
36356262333633613036653738623338313631356231663938316630663165663036666162323937
34633564623664633939313562616233353538353438356630623135303737626232303363656538
62393164646533346238396138346164613030633034623961303638613061666337316337653035
61623361623633663962353738353831316536373364346566346262616661393533353732333234
62636331623564663764336263656637616165386663376538663134613761303134323036643162
61623762343339373230663964303137316561306265623230343265383161386137346139303439
62636364316131346262386665303233363538336532626262383630323066623239613364353961
36663565633931623161653166356535656661386236386235373664356630633665313236636539
64623362303365373335613432303335393838313339333935343839626632653935303935353034
65643637373131653433353865366334626438646230323732656338643636653037623131323033
37616632623930316664663236616639303432663431386562393261356536373163363431303464
33313938383864396237363265623165333736623761326137663734393439383334343032363661
36373265303761656462323437396634346666306564393735393266313336323830636430336637
66373937386636346362663338333137356465303439663739633730646134633031623039666461
38653166393934656232393435653831333136383638336133613037353363373038316565393861
65646663373339656562383664396266323164663330383565613635303661636332396639383030
35303930643535663035333664346263333864626162346433383561633734393765346539633433
61333932633836393766643332653935633737356335626166376431393337386366396564303862
37656532356363613936396135643537623232363163323231646161613735346562373462653137
34333064306637326336633333353364623361363161363534666531663165383633343138363064
38666633663366356437656534353462306632313665633339623733653161636130356461336437
34323433363434396365353362346666613436633035663061306234333037353066396335643263
39333938326333356565653965643238373232646633636234653431656137353636393065343834
34306239653835643838383339386433333665376161306563306134343062623332363737623232
36343539336630616536343663346538333039333561653434343130373235613531646564356561
63313562383738663131613531613162366364366436366237636665636563316162386165656239
63663562396330383539636138366163636230303064336164386466363030643537393866326133
38303161386433353838393964653962353037323832393436343930383835366130613933643061
37376431333037623663303835323031353934373236666130303232313036363035326363313565
32633437346365653833623361633839636131623731643333326132633836383863613261323433
61343966323163376638643766626136346563386265636233666133346430316138383763633235
62343637616132336466636537323132346463313734323036333062656262383061643238623132
34643265626231373365393231316633623538623263383365366230656565613463646331376664
35376664613232626138626565663534333338346565383266653962346661306239383361333561
66633661373132386363303035666138363832356532666461373736383035366433636134613932
62636630323030376362353263393732633566653833643561396331313332633637303334346462
33616635366137383531343036646566616532386164623261353136643063623339656639356132
34343533653166613063323366376539646633363032633766343764386534616466666431613532
36383638626661646132626538386164363832373332316134333330346461636135626430626663
63313830613234643337643330396565333261643737343365646236306531663962396134656664
65363830653861343061643534353062326166326633616434613663376433363037313966376464
65623062646538353833323265613765643065326634623735366634353233653363366537613766
61663063656461343833333364646262353764313136626533636233663339623033316233336137
34363235653534343363656436646336313334653431653566343932373963383265643738303031
38323539383831626564373865373337613234313565653365663736366636383139396439663934
39633162383931653966373339643131396530643237363630313331373732333839313032313464
33306666386366363564653735383736376264323031396531653435363234313263306535373965
39353731633233326364313964633930303031393137303930363165653833613966323466303636
38313937663536343832393538373263376136393838363163383765303333666338323863373739
32353634343737343461313232366166303131373530363766666666356162643131373361633165
64353431313332306432393130626535316466333430626462393534313231386633373936376235
64623632326632376337376661623133663561386231303237656538626130313930326163333966
30633239366331386262303061623235383138346437636639613333366331666164613664363666
32653965633935366333373934643134333037643162626136363033363463353836616536326430
65613130326130356665663831373064303161616563656233376436393335313661396230363139
32326665613238616666376332636264366132616462333537613732623035663262303434643833
63303630613736303332393333613666633164613261353465373466316530393931353333306164
35653231623337623561343530323065373339313163643939303561623161326335633937666631
39353034323839623731383135663531363731303238333039313964626466326436396235366661
62393165386431303338303965623331616430616130373230346561613339613465623230656330
37313136353932393836303761333563663130633037323566343837636538316430633636613961
65663530643666623962633832613839323162613137663230663339613235373064366637373631
37333638323164633130306662333331383137613362303139396564643064663135373264623663
33386562363766343864396462613738646132346538353830636635313732613334353837376332
39643833316332386430636634646539353132346661363064396232316264323738613535396537
30353836373839376534393735393930643832383434646432396636623966336561333165376534
62363630323162373763336263366631376264366531396162363566346134396339386237373235
31383934396335646132613030393761396163346333303561356236386361343464363761346231
63393239396330633935623564666230663632616539303663313737646465623563336464623835
62386534316563353064613736663564613265326530613663313434353630646239366162363038
63333166356533393264376362396462336637303261326138316266336666316361313530393334
32356237393130386431623439613939616538386166663364313136373437633365386136326432
66643965373464623365323134643939346438653139613939666337353233353461663165323533
39313139613538396130653735653862653031373864663535646132613430636566646565636430
37623136663137323464616666633364346238316438616136376630343030646664643837313537
34626231326464306637626434663536636462633035623766656132393732636330663164656137
35313437333334356531383639633735326162353664613536663964333362366163366166396532
61646531376565356164636535663632356333393035663166383638616165323433623037303935
34383533633338366333626435343261363666356366663865623236353936666236306638636464
39653831383862656233323934613661653438323733323638306632613631343364383037376635
63386431663431666166356233333164363465643730393766366639663062313934376531643632
33623135356434313338623031376663663164613530373739316630613335626434623439366334
32326663626339366438393161346331376663393865303537383033393734353266613433616632
63396338316639366163303362353339383138646138373833326535653161323836343861656663
62363635306432323466643334306433646136393564613134323232643935343438623830643866
35316436313737613732336163363562333063363436373466643737376365303637636464376536
33356561373765333664613239373933653936396631636264383262353738383462643437353961
33663033623036323863306137663463636131373932666162323931363836666536356463623931
64353330386539356664373631373866663131386430383137363666346339316431663462653930
31323265396234373961656239326239656134303534373166346663616665616466323533366162
64643464313735663765663966663136653438613039613838636465326466373963623138306233
36333935323965326561343162636637333930643834376331303065306265313864336531656566
35393232323863303965326363653738623838613762353664346261363765633838623439353734
64343562643237363761316137313335356161343339363366363230613033343264363763313636
39666231613137666461326137633961623436656534356232306531666131623864636637303130
38316134353339663232616566643563316236373961373938373436326430663663313961633635
64616661333230656336353464313463663931636432653664656630643338666130623935383462
38383663346637633463633936366338373631303039303532633861663933396566623465316463
34663138323137383034303839623434646639376161636439613161663164633136373765336232
39333763373137323130623439613266393334326230323730346466643765316333663038623761
38643934656435626634366336336133393932383737323734626465383838303430623162376463
64336432656463366166653764313162353634316464383131303863306530376338366363613963
36663630643334303536656633653230346536383961313966653535343536373539613761353832
61373234663064323935343633356334626632386463363431353261303261616365646536346334
33323066346661373436616664623233373739346464663338376261306539636532376337616261
33386230396438663565346163333934306264633930613266363465643336323365376138623936
61646434383962646465663534333332303931613031636364373866363666613536663439323839
31663735376437373061626363373432643832333936663030306231363834353933366265643665
37373764343632346666393937326664386666623263323264303130623061313865336434326538
64346233346262356364313334613462613665633131366533336662386437376561386535363161
62663537333835643863333434363233633931643830303139633832623938396364633162633166
32616534353439666437343638303332313062333935333931343161363432623264643839386262
62396331353532633863626264333534396332353637653830643362393239393734636533623534
39396361623333643639363465366162366334343864663433626331633936343861643731383933
66643835323538343933326466613733343036643065376234373331633833336663666532323661
36323965353935346139356638623933663035663063666361336161366534616435393234666635
66616661323437666461373366633562623431613633356230363330386531613963303064386637
39666266616538316239386531326634623532656632616638613931373663353664626361303063
30373937303137346363633334646634653166343664623466313936303139653235363630353539
66303638306465323966323939323033623830353430646164343837343035633337306330643639
32313664366665633537363263363032303561373662346465313737643233626238366433643962
64316439383635363765363362396135306631363836633364383064363139373432336364666666
62313234393834636238646534376137366136306237313266323966373033343737376334623035
34396431633462636431346266363537663063303430613339306666613037336665316563626538
62346161623230336636393239363662363361323536353361636638336135613036663064333361
66663965303336633834363061323135663633663336646339636430303531383036336636626561
39643864636261313639633132303539353065613564303162363062663663396364343361356561
64373831373063306339666365326561616130356465373762633363666137656333393662646265
66666536353130623161666430363137623065636437656130613362633564613435663336316432
61356664323365333463323261626265366562393131353730363838343231326636373932386462
38303037643132343239336562636665353038333562656337386362663531396234373538623136
64393737396537326537316531303362386631363962626337653239323565376337303035343534
62663732353835363661663066376539333363633235393731363862653463646632363730306531
66393462363066616161623835353032373332663062623236346135343435393436356261316237
33316630373632323962376134653132313536643234356534313835396238316130303232393265
36373135656164323562323837346130373965303230363036343361356633313133316637646161
62383962356637303734336430313036643063623431306637643966323331666339313833303239
35333462386432356530643961313865626530626265313762353734356537343536323836663639
31353736646564643766633630316261373163326363333261663934363839323863316639336361
65383731353638363833343864363464613437623463623337646665333635613837616561363339
63376639383738366531303062343366393038316563383033633862396665666535383135353634
65643736656235346264303435323031343730643963666164633935363331613530616435653365
35326531376235626265386430386537336261393661316235626136613830663564366666396535
30353061616538363763613430616366333535383066343730643765343233303637316361313238
61323238616665363636383264666632396534313130366131323336366230373838383062333430
65326564313063343566363537313235616634353933633838623334346365376361626333633631
39346364356632353831343062636434383333336238346162656234383533656364346530653932
36363830323163303236366431386634393966663565323431333234663361333037613332383437
32636463326238643639616133356266353235383233626666626566623863626261626534303133
33666230366132353161636562643036353737613835316537656365373861666464616634633163
30653337383265383465353465393230326630633539313233656465306565656537636437326130
61616434626636663731343834666430323735353935333436643531373732373633396138623535
63653162623435343632333866396632373763303531363433646266356461623561316163306262
34396263366233623530663866386262356461303237626135633432616564633562363264343465
62333131353661343132643762646634343032346666313163386137613732356334343561343633
33316662383639346261386461363766636336643162313863383534626337643037633964653662
66663934626235353534363938613538373433356263363131316630623332393431323133366261
32323430363131393739313131383839313165613862386666653866613163316564313830353161
37316133303165396139383930386638663830393736613633663231616662663466376339313861
33613333353063653066636633303265396535303833663161643939643434626530656235313638
35333834613239623633353836663631306633366131346430316566313065326436356530613566
35653535363761366561306137386532396263313231376636616436343264366465353339313639
66643363366331343266613837656134633537616433316439336531373964333232336162666637
66623335646338653064303934663561346438343131656337363234363635663666326231623339
35383865313463633137353634306234303766663431353565656630306434383838346163646233
31313961393130656136356431636531303839373037313034633430376135653939363665653132
62666433616431343165383434656661303062363833396133663733616562356665303336343965
33383165343564373462383838656430653432616638346162333261326530366532326434383336
38636637326637623134386664633038313966336662343862376231643930386330613138386132
61613264336133616238333761343338646433613932323638636332376230653164376235386632
65393661323238613132653766393435633763343563643763363130623733656134663235306237
32366131626266316430616239366236376262363761613034623436656331333735303862343932
34323232313133613630646136343735653563613530353731353230353236626363616361373931
37333835646464376537613266663330376666666661656366653065376162366365646162306561
38366538373637366561663735373635343765303630303239383737313539363234656235643432
30653266313062313738666636396666653534613139633362613662323061663364643661313765
64346330636134636566343238636438643062643531303336663832313334363436376366376333
65366366343565336331306339363865353432323235663537373363663538313435643033653166
34656231343937306335353766633064626437303633643063386130386164656333346635343035
65656361643938653238376263353933626331366130356530376239363839633230373539306665
64613264643866356532393132363136656265663937306631383164633662653330616566313336
38336264373236666566346138393739336635383865366531616639393030616633366666313139
30313565633062373536653166343639323933313865333233363535343466616632633265663135
64373364356536313264353539336433643662333535313463326233323931396333316264636261
32643564373831336436386138316666323035626162346632396233376665643031653162323665
63366265633238643235323030306336323432316330613036333337363730313735656566306533
38303864376635373230616466666331353633346262316166326465623961613536393837353839
38633365386336633261386137343962366235326266323365636563353763313330653861366334
32326630336630343030333333343062303932356162303137663837396134373164356230323130
35363631643532393863303139643636363565643334626534616330343363626364613236623537
34306634383765626666303664333063366337343033306138666663636563393731373232356533
35386165643231336266373261656434363437333039653538353937383732313833376334663532
65306266333762346239363862336466316532666164626636303038333239323865643330633963
38323436313138353134353038383639376461373639313062393636353163646237393265626566
36613036393462623338316363373632363738353630643239353833336231336438383637643231
31623335393435616262643431383536663036656162633431376565643831396330353538323235
39343336656266326531616332383762396266666663363566646161653030353865386431383331
61643932306664326534323963323465393662623536646464613133643966386533393231373630
64333435643364623936383663306236306239313738323532383037353930656561636238316431
64616334343733623866366636613930373362346633303366343739366437636362363932333562
31653939636536643130633661303636326431323539366464653165306331323235343839663633
35656531363839363732383935646636373737323038326262373162643331376430343132653862
35613765306266613831646664373231663531386565326339333763336462616537336338623236
37626566306338303438333463323332613533636264623931633637643737646165623166633730
34643563373461383832346161313765633563303833396165626135373633373064336133363037
33616332393064303338303662383730653530353639613039386434373037393738393934643566
36323666633731623133623732633432656262343032343165366133386137343936346536316434
35383831613133613165643435376264653761333332383434306466373961363031663162613134
33326331626635383637303237303163346134623536356339636331343633396463616566646565
63653562396466653738633534643161613462666539643835653130383335666365363539323161
38633034666330306239336433343765616236306636303265633064613738663033616237333666
35643765653663623630613538313839363139376439313565336236343436653339386438313833
35346338383837313965656265356635386136313236663532353035363431343033333631376233
65373265643634616139323233396132393838623663393864396265303861343330633533623036
30373361346232313738303139313762343364663061393666626163663237666263613435376533
61663633326339663364336636366235353563363038643039313061353734393638343666646633
30333538396234303935373562323239653134643261313036626662376239303261633237626239
33303737383265303336306537343166616266306132613532336539363463316563656536346335
31316536373039336634626564633334376165636630326263636233316236656239343465343533
66623935383532313231353962616266333665306137326635623037303165323434663763323736
36633132663239643737666266343639303964386130393062363364363233396636336463346535
64633838626636643331613864666636343932336464303463333863303330333937633865646639
61636638646464663161386132393761386562623132623264383631306332373464353035643461
34663961623331643235376664386566343839393064363135636130613931643431613739633764
66346565393832373934336662343966363266363463393938383734646166343035656239346531
62663264386163373738376264633533326666636162653935643836383537633638303065323138
62623536613930326164666438623833653636366137316132653438316432326234323233323461
32626366303333313538323562336539636364303263646361303265373832313634653564376566
36333636373366643864313764383936346563333536316365356636386631393964333862396464
35373235373433656463643036633837323237653339306435373161626531663966326439633830
32383238393532326439373962363737653635366335303932656236376336623633373561323736
33366264343335623636393531323964323563346634663766656462656239383364383063306139
63646564616663373630633864323235636164333466366135613633303265353732653964326566
38663935363666386463306637623433613465323435653664356137373737313832306230626332
36306163616465326266393538656163343633646635623766623264303735646665336363323939
36656133633964623331386363356632343439336561343331323762326235643230366363633664
37393038353035366165663534343666366266373666353239353631353661666632646635656239
61326465343165663633386536613665306335623730363539343231653062616663373861303130
65383565633133343539346532356562626565386532383061326435646161653334663432303662
31323266306232366363306336356231343139376361366261383638333635303232623239653262
63383032623438613062663838386238653934373634316331366234633939303564333564306665
37353733363238636432333434613135616239343632363765396136303939353732653136393238
34383932336636343866653964343431613230396235653866393035616639393430343439333961
62353836653431653366323239326661303234366162363230386137343639396233613136656334
38323062633461626430313063346436383363376563643663666433303739336634383731623961
30396463626635393031343332623635366236376639626566313638386636323031343231626365
32393038616262366232343062353161343963646461396561626364373635333131666466323962
31646531653337376539353466353231313861343737376139613934346236643765343964393533
39313734663832353736643239653232363735663439666339383531393038393466646366653533
62636535643866653738616435663335396361633261373864666462323638623239643830363430
63636336303063356636363162643636313766316264386263343836363963333163663666613961
39386131613164663362326433356530616139643166373532376163396134303561306233373666
66663165613232353636333566353738633939636631303564373831643064373538386465373637
62323564393132616666323162363766623565646566306433343661386663386463303231376431
30383032346538376638663332333866626138393334663231343732333737353434623335346538
34316462373461396134306666633561366331323936333933666239623435353435343864386430
36323939333265393062653939393335613337303531376464306666316232616265663231643635
64373032396637393536656535363565313738653762623439643462383838656630336233353434
65613538346563393931633531316237366135356535643735613064363561343365613965333963
30383935666538333834643839316365643437626464656334666635643837363932383632366234
65633639383165373764323366383866663065666337376333356630333662366535663032343865
65333066386230366664353961366336386562383264623165363963653431336137363530663334
62303932613136366463343731303938636162393164366237393364303864303432323734633863
39343734336366633337363466313634343931326439316162646462616436626561633735616337
34646333643137333466616134386637333839346334626361663635363936366461303863306438
31396134336265633839393738373361393962333336633861646135646232663261633833336564
32323936616337316139383437386336313630336433343036646433623161643537626665343136
65323864386434656131383538623633653339343163346563303134386665363434363565316161
62616237643162366366633166623631616231326333623035363730303064633364653938386631
66373936343232633563316532316666353363656634323336353534333763393033646536363939
37383234663038326537366635623732396530383436346135313935376664356533656264666434
36356633333363623432626235353564623864323565313736316364386561353238326437333538
38623261636437353233383337363462643364663466333439663766326362663561396530663463
62313234656466623239323935613638636238346162396566376532653465373364613161323062
61323136343537616430646164313065393936383133616330653932313534653433653861643662
39656263393662636136313337666566353466313339333966613166393864626434323432393732
62613064303134633636386536303735626630393439303838623564626436386365363862313336
61326339363231323235303361386237393231666238363561363239646536646135303231353433
33383662636666393033653938393566663461333538656163393332653130656663386435623138
37346166396236646134363336333964356433333639303736616637396431396234373838666139
62666635613530643739353939353539356535373534356139373764613566323464363739653763
63323935306339303436376536636466616231393831343139646137613461323830653638323933
35633662393832633134313963336365323539336237393565623436663932653761643735396239
39386530633564346163353665393831623938633336386632393633653661313038643864636538
32303436633639653031396166376366376361353435323931646435303664363361363264636636
37323930643432393439306637373435633063306261636663313163386130636665653636356234
36366461663834353330383233383462626361313836643030653335646266326132663661323435
34613538656235333364376335363839656563626261323535396136393838376665313266613334
66653161356163666435396332616639633931653835333538386139386665643461343364306338
64623262613230363432366565663231366235656637653062313866386534373762346338343332
38313031383439363230363763613633336264333631333336653735643665616332303738636131
34316535323337303338383535306633303464373663366565323630333937623466303566376466
63323033623863666134353830663161353964623037383335353561363833653236396630383835
36346266356438386137396139666530396263316162306633626137306635356432373939626464
64386162393038663833653136336363623238616663663338643361346261663632656638383532
37613762333638373732643732636666343935313665353938633033373336616232633232363131
64626339636132623832313362663332303836623265363033313637383332306235333464383330
37333135656138663135646130663561356236333365326433623361323133363138376261343465
64356533663833323965363962343037666639373235646261626661336634396433353731343031
34656239333764646263363832643332643538613032663737383565303164346331356233393631
63376565323530666561346461353237323465656438393831336530643734626263383164663062
33383261373261336236313032363238636164343030333338346463393234363266393630353939
31366434633361356434303032623139643238346563313935663666343130326361333361333463
33323639383438646261373131343963356333626264623136643334343231646534303130353865
31313366303965616539613864316634353932656562366632303462663739316136626138323961
35623962656662306466616535353665373239373535363434363133626364653363633863316533
66373530306262623765663030653831656565613333636432626538336166333936373833356262
38623936333133363538623362393733663466343034613533306137653833323334333137623333
36323734346566316230383336393765353730663536616235386463396363363361653535336136
64636364653364383262356231613930356439313530366361316234366163363262613534306663
62336630346635313866636366343135376462633135646637363465396330393937396534653565
38343330643837383161363163326333626233383138303932613764373933376431646137353066
39666431316264303130653665386533316263323635393135323031643031653030346230316262
31316561306235323863306365646564343831396633373335343938646430356665616133346566
33613132306330366463363333326364623639613031636338386366643836353365353562366461
30373638326233343830353162336638383264393864643938646530653231343938656366666664
35376138303861363761643461313130343735643636376333393262383633373934636565643232
66396564643633306134306166663231626662666562306461653333336232666334373838306366
62346462373236643066303461656261333261363234346532306563323033663965343839663938
34326262313535646164303238653231373437636561343666386138613936336432376132373530
63616635386565363139643263663666353364306435313339666564633565653537386532386536
34376561386233316232653830333461643635353938643433656133373963616163346565343230
39626662613938326639643536326636623361383835653761623761666332323732613531623661
32393166363232376439343338386230666335303130316332623838346537333461613034303735
33613336613335656638303338323430626639626165623536666561396238383566653463626232
63633764353635663439313233643461373831326530396533333335353133333462613139653435
36343864336561623566313130323136303763646537343865393736323231663962623834636537
34656333326263313564643832643133313438623036653634626364643934316265333131366637
33363939383065363638353262646261623564643465353232393437646638343237343032343366
37383139386663653030316138343531396338326564313766346632303566643065366332623534
37626162623038346236653362393735653763616235663931633162663431623031623436396239
66313161373937313330383430636461316661316462363335633165323330356262383563303666
61633863636635616264643564363565653433643131663735313538393063303162303537646363
61613335356262633533336562373931363335336561303565303734333931653233623130343361
32643036303261363365626230383462656430343765326365313233353461616563663331646239
32623130386233303130326338303434653737643839363363636635326537343763326235653164
66346133373935613936623666656463366334613038613834383735653263353330306665346232
61313730326362653663663037386139616637663833626233383665653832393265613135333964
30373937656135636566636238636265356361316233343534313732316464306333613138303633
65316463316439373237376466656661313331363931326538303263313832303763643566346131
37383462626261663662366364383664656535303466626330326434336362313065616236636538
65383634626264363665346637333030343638653632303765313634303965616234336231313936
35666531363534383632363134336138363563646461613439393166316166343165363236353564
65363330613363616432303165613833636230313939333066306662373163393462353162353263
35643531613938626639326139663030383664613262373931383566373230663863303430613235
32393861306232653563346364383762383930386330626464633632643235323734333139366265
34363532333638363463313334623263323764356163616565343833636365636430643333383161
32343136393238373031316264316664656462333832623162326363356332303630323263646630
30636230313835326163646437623735366364366363333065373536356261646462643965326633
66396262393836396131633363383538323137383534656534346465623536303739633335346630
38366265626139656664333565373566386133323934303339653431313332623932393866373665
65306662336565323234356366356536643663653734353736613766616638363438356361353136
38326263373361373339353035633439323261353763343261643065333865663431353566616630
37306332396561373539306530306138303164633965396561323630373337386339366261653762
31323339313139313034623733636363623061646439353162386566643463646238306339343666
33383431656365306533616464643439343063613538646561636238613065646533373532653832
64333165336666633661646264376231653337383065353565376330653764316639656236363139
36623164336431373163663930613134353430393531343638326364383336616461316262343531
64623863373432376631373739646534626531663965623038626263623163363839626361396561
63393964323061363631643834333663616538613164626366356536373738353262666332633630
66393965366432343231393239633733323961353834633561313962323433613137623835613665
32643236306130646336356330383536303830353966366239623362663064346438393135316434
39363438663266336438646238653964366632323664326363376365313634336536306166666132
66323537613837383637636366343962616265626333653166396365656661393333643131393764
35616261646230333737666536333430353564643761616265663234396262653165656437633938
32333538303330396664663230353730333738363861323630326366356464653931666165396637
66323038363634626235353239636130643334306564656265633736353561663834613330343637
32646165326434643732313831666135356464356635353666353637313931356438343231383139
39323864326663383430623566343965666538393565373164663832303661313263373433393035
33623434663335323963333734396530633738363638653834386632636162363637666235353333
35303338303063316630333734393738373532323866666462386239616239636362366630343464
31363339366665306639363834663731623637383634393234656334333030316662656233656262
64356533356132396561303638636466363063623939653336356330636662383961623338333938
38343537316463623064313637386665633563636237366331636633356364303638353339316635
37366536336364366436393731613931626531323133356536373763383730656135373337353632
62333137643130633234356135313838616135393661313532316539666162376462616534383436
63653936306339343736633131386634666435373432653165386666363162396232366631663866
65373266313838626166383032386263323834386538623831306239343237343663336338633539
30613966643631636235343366343231663833613536393166313636633435623563373837323835
36323136646665636363646262396565373364373436366636613334386238623632333731663264
64316364376338393261396637366265663661383633343931653033326531656234323735383234
62646332316135306532636636646339353836333136633362313436353135633831333463373361
30386564383763653863313832356361323435343836393430366634363963306238376561643539
35333365663838643563326132663766623261323239376134623739383430643761393663393432
62353830336336663031316130393464633862613036353962333465373438323762333335633939
66393036333535643336313631353866326365376564383363653661653839653333343061646663
61663133666163303231653430303532366537386134373062616366633439306435306638383130
33623664663038366635653833373666313133363961616238623435646135663963353734306439
65666332663064636138633437346366643139333766333637623936343066633761613464376165
32316134386363653439323230333862636566326164383933323933326334383661353336306338
35353166363330356230613937653966386632383332613135383661363833356437343339396539
36613037393139336130366462303332366263636439303462623761333637636362303834346532
62383738343265323836393535326366623034353434613131633666363936626666653133643733
64343366353737393763316566303562383438636230303232623962626430323136636464663932
31353734663037633461303339343064333366376133363965376363666130393963363362333263
37326531396235383765356132663966626336383739643836373233616539376365386538353835
32656632363262316434643536613463633239646561393431326433376435303432613838396633
38633032653332343330383736623965353766353234616237356239643463393330393730663661
63656634386336373262306265373536623263333432323030376361303334316533303930386430
38353866653436333533663039313566646534653233326665373163666566323561356331653233
36643761386135373465326363386265633731393633663939323066323239396262363766613463
32646536333733653666393834316137396361626361313339343339313132623730303832623563
38666430383730336635653832636462613436366535333134323566376432383534323764653964
30346535656336333830306337363938363930303333326431663630663164313066626234633561
30326466376562656637303531303135303939353061356466633035383430643533393739353734
38346435313539626261386233326139643333303930303934316239383934356361363231393034
35653238646330373730366334333836373864646434613435333139666230373930393130616166
64613735656435626663626237623335653936636132633233346631363838303332613630346161
62616465336632333364623932326231343137316161323030363466346437393937343866336232
36623732666438663564303730323633373462623934316639303035613033653038626364326236
62356437633966636638643734343161376136643034653431343633303364386539326237626637
65373034656131616133303763656630386338396131613066646134643661333562353363353937
31663336313537386137336430343036363932373763313139303066346636623235303036313463
31643038343438323166373732663066386137656139383330663432376464313961613135363232
39373330313038646461313933333036326131323534613331653063373832373634663362643965
30313063363862376664303439373639646661383236653236316137373436326532643465323036
63373538633639353866616334626236303961636461343636633230386135323265656162323637
64353333623239376632333034313136373030316330633833613362396631313062376131373764
63633265303336626533306364376663646532376461303736363033363339653364396234373130
34343436653239386136653731373535646334386138656139613566346566626531323230666262
38373263343465326263623034313363363766363531653831303662643562336131653030386231
62363361353364656262613164346461393862323633633131633338356435383063636137303133
37633466383165613739396236316132323836383030653336666534393266376436313931306464
65343430336161346333666333353236616164653633383437626331343035616236366638353031
65653532303037613964643733366564376233356266346234643439366533343238366535333134
38623038613532366332663834393138663734643937353639616265333934353034366161626532
33353530383939303766626663383461373433323130316362363661353434303462653536663364
39626166656135343864363238386638326637386663643439653537363762323062383535653864
32306561643831353965393736323466626665343136656534616464623965646666383337393237
38346539353030663539613639663565383862663835646233623362356538646266323137643234
64663836343262356530323862356333343861363466363661383734633030386131356266333163
62633364313234323066663132653863666362636139623533623534616434653337363965353762
64616361643966346536323963316166346132313734393837336166353736343837656331626538
63363661333431653632646533336662623031613263646335616635316264373436613866343032
66396661303861633736393532323732633735626132356338616438383436613936343364646564
38386639343461376463663265353165643738306266663761646331373064393131666239396262
62643062346138316266633733383335653036623536323966396534376265396162383836313136
33643066646365376333383065626564663139383962633238383032366539313861616638383737
33333731363836323331313264653465663562613563646137393062366365393231633466316633
30653263323039626633346231393864623436353033613531303134303962613531663338373636
35616264626564643639656130656237363832303438643430333332393466626465633063363865
64343265333734346437353166386362383364313462383465626330613139316332383837313139
36326439336636326437396536353464313166653531326132626238643336393739623964663861
36333238656566336538643232313036633064633366383638613132646430323662383338343336
62656532646530316332333130393632653835623130353863636431353963343832643538616461
33336636666535636363323463626432353366626534306335343434663139306239336532323533
61363531633638643638623637323561613637636362633963333039396637333261306435373663
37323036636561633932333135303966333437396637643035633565303035333037336361333261
32623862383730633033346235343631636530353934333036656565613562393866633434326663
65303061626637333031643365643166336531663330633261653437623533666430383232613134
63396334623439313232353263633665306439383437666465306430393030353130626535656434
66313835666433623239643765383664633635353237643935623532333437366239396539326432
63316262353935316362623036643463613865353266386435656436653439356233616232643630
33363032323162306333353164326663626237383734366430353466623838333333373337656664
35313438343135633233653935336633393237306566343837306238363362646562333837363964
39636333373865653037626236366133616666356330656465656632643963646263613731633239
64363236333939306534323362366630343736356138626230383661633066353631653431633235
65623431313439366666393839333136643462316230343164356264393763363136666634643431
32633136303335323838323965373537363737636262383033616435653534366538376636643839
38623662623230613135363662393065393433343535393763393432316131663135663434326330
31616564656539646162623537633134323931323839366162663366616430643061343531393462
36653365343162323063626366363461306632333537363032313439333862636461343637333034
31313530323533353939313532646634653864376163366231343837313934656166333438306165
61323764373833613534326438383333346661616239336265316162636266316534313730613565
66646661346639333133336339306330633639666630393134363037633765373832323138633465
30326536323964303232623833613532303364633630373836386537353439626536316635383166
38363266306130333737363366373235383266613663366465376638383165323365646165636165
31363237363338643561323834386566353462316366633532636435356532353433343336623736
63353432363964393639306539343561303633633138643536326261316630326436303539653630
64393664383731396162643137356334616561353137653764663065376135373234396632656233
33633432633535323639396562623262326263306430616335363763363034366631376264643038
61386361326638303639386336366466326535303761373530656365633464663534373462666563
34366365383133373564613166393532383030623566373335316139316664626134613835623938
37336138623431363938653161326434666661646437313562336231336337333036623064376266
30316463626462363935656133626532666534633661363032613532353264353339613862623165
63306130323865353962616665346366346131313233383464383462336330373236616433353666
39376139306239376634343465623731363263313935353732363663623066393438623438643231
30633539373933653233663066346562663561656439646561613463633138326635393833333364
31633861323630353735336162343133366264316531323735363038656131306635376437303866
65663661336331643231393538626263623664306331373632663263346361643836353265386330
33313033326363623836353839383762613765313863316335616161356633383762623035373839
65643366326561633462663233396665353531633933646436653230353930343438316563613630
33666364343633396561366566646265636338393032373032643833323463663864643366336133
61396364643238623235646431373832363263363962333636633761366130666633323264356136
30343061383966326334383735333566353233306238626364393135653734653365646463353131
63386262653266313234623534396531373231333530303664316337613466363639343736343735
30323938333264373465326131653631313738643961353534373830313566613833363966333337
32653138313630363031326461313032306233363764643161363961643332636230353238633265
65353362656464366661313535313535343665633763323665353632653339303939623132353935
31623365313364323138633133386664663865623537336130356233333235346561313562366534
31393835323865346632383831643334396266653964646264656563306462616630613234346462
39643230313832633339636633343031633435336261313333326139663966336131316434313837
38643939353562373732643061333765393834336630386536656435646138626130323063303633
38663537346361393964353263663133353261316333613134346336366430323061323864363831
31343564343865306130626561343061306136356434326664313533356663643564303337383730
39313533626232626630373566343738653238386237616364356137303032313661326365666539
35643930306331323461363764393665393366643630376436386663643437383263376339393832
61376533303864383365306132643332383035643262626634373430376163386364333532393463
35636664376238343239326235633764313662653039306361663266323430316137646264313037
39663466633631636464323766623230323263386635363931626364303164663037633538396432
30336166306231633732633563616665326139663063366665613663613463373138346562303063
64386365643264346361613935663935383435376161313533393430363139393033613162353863
37356365646130326536616233663663383131633432623734353861316430656366633832343563
37373337376238366231666163616633333366326561633966333666393166366561373031316338
36373462633830663831366461616236636337306664313138353331623462346239616630663561
65346237666466653033356139663632323635393565386634313934366133326636396162633235
39363630346263643364623130356636353639383132303761646466323539663663343035373938
38356238356434623666386664623536666533653231353162383737343664376233666162373033
63323638316431343639383335316237316434366638326130383165336165363538373236613631
37386632623930386332666532663036643632373535326462653861386562616462373566353933
38646164303464383962333636663239333238323039316130393536346437313333363834613436
34633030323033663232323830363563306633343832396365363730316239633830343865623832
30306235303466666435616366623236643131633064303638356662623336323761626164646264
65383631343036623731356131316432336433353731373034333961363761646662313734666631
30393832346466393066363366326433336533373632396234623333393062303935353064646237
66326137396435363165333136356361636536653030616339343032313761633634656466363135
38313335343766313035643433323034663935373239373664353036613465303531323234353562
61336564363435363937373639366665313035326566336633623638333836373535666163343635
35613364386130663530373733353966363036643937616633613662626239373764623131633836
33333330666362636264386534376466313731356462633734653961663063303662313937383161
63306361363565303865333838623234656335383032326338653138663631373632623862326462
65623263353763316266313162653636653338333661303562376433623165363031663363613639
35633934313336613239386234393661366338613038316362343636303133656564323166323364
62633830643563333037353534613236363431323265333865376337333135366631326532336563
65613030343464313733623038376434306661663961646162353430626363656437643262363935
38623966333436316337393263333137613664386561376331646333616333383236313466633361
34633163336333323535633761356562356536303163316535323965393664326563353765653434
63643161313630636434336561316134616164633661646165306131343739616266636136613330
33666238343433666232623430663862363861356230376134613130613439306536656531336265
62666265363036353038653638303538383332323963636632363036333265373033346232393330
33666265666465373033656434313365343866653565303533346137376530616366666262336337
32663564356534636338316463363362383264363865326330616437393539336564316431353635
33313234663135663932323764363135323530613361653232663334633739346661636533663338
37313866656161613564323036306263633331396432623532666438653938653336316439316261
65643830653339336131333065613433613735353663613631366438616434306334346634366361
31663764313235663737613238363661326439643462323165626162376530336366626531323432
31323236626334336262623861326430363036313736303432323732646264363962386361346339
37653433633664343235363138353234393535343839316534393161656439616562363563353466
66316337353133393766383834336662613064303665626665646631323832336164313965336364
32356666353966363739333731343963333762663262643833663366386234636536623962636264
34623132306330613530653864313733373837386662663661363036326237396466333964633531
66313533353864323537343564346562366136633366626132303564613066643236313464313537
38306463336264383534373434633566323966636462636132613930356265636139356231633863
62376239343138356562353930313735656662623863326661376239646661323166313236373139
38643366323262663734613139376130636132346666356536386230643939393638373032363964
33616663623365353937313031356365316463373331633632626564346665323833643232663562
64373836636433663438303339386131623532366636396634333736356665653563623664303263
33623135346164633561653432656463336238326132373966356232626237373161356339636339
62353638636530623736366632653334353966363839613433613066313837323335316630666135
32656539313862613362303336323363626661653635333639393761353730326233393733336433
35663365633066393937303865356533313434623165336131653136356134323965363036303661
35373564306463396639336537363131383339623433303461336534393333653330373034363634
34653466616165333135636464363965616661646361623866383766663732353064346334393765
64666233333763653136393338663761666665663731376133323037656135616635653732643966
32613363626236383331616631376435646537666261306533373166313437613532353331303563
38333761363036343632363332326333373837333438393438333030316664613130323034363161
35353561633761643632616365633931363132363935666532386361616432393430366536336137
34663232663532366635343862656434303532326432343130646239393339313965383635366130
62366439666462346262663362333537376434663233356236313963623161613635623764323234
39633532333165366530316238336431396562386561613666646134666633636435383562663331
31353634656238303132646537323032343063643137383966396130653835613930653565643936
34633831373766383932666133336562386463653935623430653365326564323032663466643735
32343930663337666663326138663234376135656464303733366436663662323639303964623034
62333966313564303436613230316630653534383038353738346138336631636433303232306136
61626233613163393730656637316133623434356166643464663534663331663363623031323531
30663033336262373332393031356463323964303961326234653065386365393031386465353465
37373230353939653637383135376239343332386161363230393338623865353965623836386135
38613264623432636361373836303730633933353934633736343139383562376238383836636436
38393531613934376630313763323030373630653439633061636430386437366531653961323938
38376130643832376237306532366138313430356364646561386266653631383139356536646562
61323861376433663466336464323661393961646565643334313437386662373762366232653666
33613235326434623462336336633766373334616566376330613135623832376436366337316162
62376530393964656563353164663736326539343130616430313761633064623364653937613234
39663432323737393466353332313061656538373134303665666365633837613139663563646238
32646366336466663431643137633761623061623365303433306632653137323234666566343134
39643436626265336634303864616234333766626139663033663566633139303166623664343061
30326236633866653439363862396537343565663836313761613335623262323536643631613737
61303032383666626161303833373130326434613266623235623664646531303465633961663165
62616537663539323436653466623465306661396439353730613237343163666631346535616131
37643036626663393761313362373637313932636565663339643064643535336239666263633136
38636233653135353966363238653965336464306331343835323937336139363466303762323162
64393065366561383864316636343631393364376661376561353064393463663964343236303964
35343764336633633364656334326431623339313934383135646132356464353236326433353164
31353665653039653131306464383836373735636539386135353135376261353832336437633563
61376162363164343366653338306666626262393339303066323238636433633865636364653562
31303830656365343639373838636563316665303431373565373137386363663731343965653931
34626366666130653630643534623531653131313465633036316463633237643932313934623264
33323430373066646431326361373866383131366630343633313261393830333739633632323061
39653263646661393162383734363762356465616332636334343163613639313630373664633836
61323237346162383234623435306631373962323462623663366330396231323139356332353365
31323662666431643535353466366232323263306436653230336665333932363635643837343762
34633033313039346535343039636461353363396163643661666365303834616264643538636531
39333834306638393234353737323836623938326230623936653065336433333135333031663965
38643464633464313666316138303530643337646631646339373032643439336363663736396232
63353636363566393966643561363235653234376238346563313531623764636139323332393463
66633538643037306135343535303332336361363966353361383232376132353935376131323033
31626537356462356434613638646239323037333230373833616131316232613865336431323431
38373361636262373166326238316439646662303263303537646633613438366433613065646666
35646636316134383830376430616162316235656361613036643933633263376236396436366164
36666331626137623339356463366239363536626235336133393233633963333735613933366638
34643139396439306464326633393438303763383139363333613037343031326137366236633232
36616464363536643633333336636635616633623665366565386537393534356164383764343831
34316330316562616130616565363965323565383232616265666330393263656230356536646166
33393434366339336631346632366536383339623733653238356633363139623730313861333137
30323333393037643263383463356639373134393435343034356661343436323530666261653737
61613439656466316465396336666262623166653231656666323237353632326631356633636164
61633737663662386265353635363734383231323733636536346235323831333561643433656164
36653631353731663234373265656336623733633939623933376232636539643639386236636139
64663631656436323130316366613034646236653365313739616162383436653566346337653835
31613737313430366263373034646262366136626365316264666134643865306565333333343166
32376331336263656132313230356563373335386463356135623539393135353631316461646263
63336663373434623334666161656337633933643364303431623161306537643537313963636338
37656635356366613935373364373366383266653334616232343439343362346630303330386633
37383237343630393237616435373962313065656463383937396164333435646436323235346633
63373835383064313139306265363833643731653366303730623139623730333961303464633036
39333261353536633532636364306162656535393964393037633930356137333865323365313736
35303137303966623531373463646665366566613162326563303238326665633039353662663032
65623931653831643535303765343061383834353839326130343133306166633966346335656164
31666562393664323038633764313465333639313238333563306233666533613831613865623831
62643336316639656633333830653033343035303238356463313534353432636439663533386239
39613237663364306431386332373435383763316434626363633734326366303239653937336635
36393437383435326532626238353062346532333161376132323965636461633134633132346133
63336131333534393133376632343733373538653163653964646462643361386363353730633963
37326562353663623865326334623262396234376362386133326635323065393066343662303061
38373232303665643337623134323461386331343766393265343465666565356563366434356266
38316463636139303065393838373065333065313961616166643833316661326235363662353063
61663439633862396535393663376161303730373034346564343439633231663339313164643335
39393066356137323435613338373732613734326235643761393438373663663830396361383332
37366139303539626137633964316537326666636138356564623364333930376633366662666335
61663464333662366138306139356637386438663263363336646436346263666130333661386138
39616336303637653034653730633364343163363436306463356431376631323062323538333337
33366138306136366434373466386234356163653631616166306262336635353363626264623337
63663632393162343930653938323230383361323430363261326333366362656130653462636464
37643666323435373830373831303466343832623230633737653833356134376631356637346133
62363731336630643432653038313830643162653462306534303266373239396565653631303634
34303763623365613434633466333362323065363532626465653562336466346562333439616139
39313030616333626331343065653532363830326431393839373432386639656334623435633336
39306565396534353764363262363964656130633038383632326130383133663432643234616133
39623732623266663264623638653764376638306532373831343866386538626536326639633831
36363430393132643265373062366432383536383462653834386534363531643938313666623064
66333336346230313362373062343662356161333839333938653832343663646565366262383366
32373434356138323666313935643537643362643435653462653830336539303136643237303837
38353363353165633932386432326631383362333461323966393463663162323632383666303161
61326231656530376133643637376661663735303035376438626435613762383935643564366536
62376134303831643062396434636362666333653766623536386638376664323931336362346566
34643135636466633036396330326663336666613464333836326338656331373266396263643061
66306335353932633163353934323764646263663864346463316235383938343933613631343563
63623438353866653231303231653531323531393336646232303535366337656432376631363565
39663936633439313837353834636239303337383164303138386363383333383435333137616663
31343936376232356263363766663134636330343235303331396638323730636234643935343033
37383265333130396339346432303565393831653339353836323034636666613731363039343836
64613963623230336463653961323937376230386164316331396431353531656531663764303763
30656264356264303730326463396632333563613363353239393439393536666433376363393736
64353862336336303161323732363530316231386132663635363866623032323562373463306335
36636662343336343639373162376139656261333161663534623739613437656461393939643534
32376464313335326234363238366264313736383738393038373833393063326266356638623837
39303562623830653263666633373162373539336134636566383233623865393362396164623363
30363464633631393230346263656234313062636536336565373937393463306639366337373434
33643163353862313165623832653435386133633531353863366536386139613636313263356639
36383432643962666539306661616230616264333134316362346135353230353239343731356630
33343365346338366334393166656364356631653764613463663137306332393862333666613137
39613135363362313661323538396636366562373637316561646263373035323730643935393333
33653236343064646638303337666532613831376536356134633334376432663665316461353437
39393839616233353439616161613338613032396631386539373765653737316536363830313137
37363835336164613031313834656331633232313363623536383231333465303130633538623230
36306437333237393563333636316430313438306335386134363836663339656161646131303133
36383565663035313830633764393564343731323262653534323134663431343261386536373737
30363365386366636564323033376463643034663464376339373362353830376439333131616665
62323263373934633665643061643536313961653339666338636261353039386231633539363961
34353935333631366638386466383939623061663266363338383233336262316630646637383665
61373462643033636332326662666131383433366361373065393362666233383432656535343662
66386233613738323430316263306535616434623331646164306636306133353035653166623461
62316338353437666533363938333231643238663463353833303836663566396636393137616539
36383563336638363962313836646336323862393630623238356439383830356237363066626237
66326664356362663034633765383339353235326166626139386438613634666463353834313331
36653234393034636662646337363738343639396536626661666465326533656663643135636533
33343965623234643365323937386334323466366136656563373865333435663363396233633230
38386232343137663039343134393166363035313637336530663761303535376135323362306165
33363132363863616364376438666230366531373632353339313765663735313638663936373236
39306464636264326636656135663130633538666636666239353633643834333265646465366638
30666562336166336164366637643638383163343839636564666139366631353336333461346666
35346538636137616531333233646534656566336161373865313838346666383665616339616462
39363531393537303161343034333463323239616665373564323437643361336437643932316238
32633033323061353863373336343065663733623635353034393038383165626362393363343830
32333231343238633236316666363237623031623831346365326333333633366532656665316663
39363439376262663163336233313539646134616134363963356663326239333030373364376337
63356533356330356661386534666331363437613030393961643431646363633233396633306461
65656236373732366439626437616263613031336463343138643737643139373663303036626262
33623331663330343166393764653135323536303265396533656234353164623033343134383264
33373063393365366539323461666666363864373261303561366238393166613764373537393132
35613062346430623265663461373965346366623061663337393435383062663037376530356434
32333965656334663963383631666165646130356266323538356266356266363761616534313136
32636564353434643861393130393739633231383961633966336138663962633934313831663963
65303636626134343333376138333237313432303138353634316433616633346232323065373965
65306565386664646239373032353966353335643937326166306132323837393866313730363832
31663366653838353731346430373364663635303561346366303066313762313037356564323631
39356232623438353939373130313762346335303261636637613563653863386665383363323761
65363234663833306135636537323961356636646537343663303466626566656139316532646635
61343564656435633738626636623436343063316334393864633739663033366334333034333838
36333463313937336132313533343663376635636635653231626362316336313230396433383834
36313935383838386436323734343239613663633438613766326162353833323563316461396461
33346461613962353130613832346630363333343832376464386337333761353633303637623630
34643666616264643530366330333562613137653430303935353266336339393161366561313038
36396361346632343036616339323464646161356333656661346665616565326232393238633135
65356465313031616136336631356662656263313733346234333230316266646634343763353935
39303934363434356365393737336333303833343864623139383132653333626439363061393666
36383233313831326366613639323565623330356634306233346134313362336331636435636266
66613733633661343061313438383061316133363333323763376165663933646164393036396235
37303535636162356539343661626662346164393135643462393365333535346661393565646361
32363362613835323932356530306534663432376535643262346138396532646261323762613164
63396431633761643435326337656238366438616263616137653838653037613736653632366365
32646636333963396633333036356634643663313664653032636532303436613634376632396363
61396266396338656435613734303938653839303332303631376361366139616532313835633635
34333230373034306239306631303862323035313934653462613633383065343831613133663363
32373864323166633464633064383734653364636532343632356231663638336530353366613135
65363166613132663936393534623431646365663535646139393063343435306335656165396333
30336539316563353664643661393438393665313537616466333065396363393335383637663333
64633536316435653837613062353865623261613839393635303634373833313533656165366638
65323861316131346363323964333836396530313830356562316566343733613966613731336363
66626464613635333964616239646638633533356332626336353532653463333165613733353636
36323637666266336237653538346162646563363830633131363737633833626538346231356262
62353336633165396434383364626466396337643865393233346263373131333832386433643031
36633630313038356637633633373032353536343732373661623838333737303237633636633563
31633738373964353065373838623535643831646230656237656330313765643763343838346437
65616530343732336163633265343231333133356535336238323538646431386435396331633139
39646339633631636339336638333333303561643233656632306134633037303965333235663030
32366238353938643530616465306131346364643939306261646161393866313863326262333263
63653139613434306634653864333635366261316563643739663663326434663534303831656239
65663162646263326331656133623436313730323663393337646430356133663731303865323862
35306236393332306533376137313461313838303037656638323635316661316535316631363661
63663736303964623137663031653264336430363634643062393330333034323736653239356163
32376463353036663639353637303664383665346264323465376233386136363132313837313331
34623939386230666239313537623938303938646665323965633232303336663235386334393334
31623764363366333663613834643363383365313264353135653031303436626265623731363437
62633633666239636462336565323732393331653365326233626533623163333561383138326233
38643866386231366663396536633062316665393736303133386536626134636466643131343932
37656562326563623765336433636532333732366463343264666632393439356236383864643335
30333336636433336639333763663832363566383936303635346164303662393735346230613432
39623564356331663536363538383163373333393861373031343563356164393362316230373935
39313330653536633531316537643862353030616331393333633336643639346565656134303635
38646164623632613738393161383435303739356438643735333362623664386634346338306463
65386163346165633461313964376666333934346339363065353339343566666635613338386465
33623065623964663864383661336533323839393735333935326661653062636566343338636463
37373033646463653831363531366565633839643735336234656661366331646466373136666336
64373034656337396533386261363432376662363139373139656666626236616333643461326338
65643363326434393864323033376361373332323532666366316137613538306661343265373236
63633934313262646438383935626164316261626134313632353961623163333332386463363431
37656362663533366439356164306134393463386437393835393364623664363037633165316263
30646639336663363435633637303464383365373639636439303335623732636131616235666233
65353833356635363665666566653761326264313863623134343762666534383866653435653363
33343635326132646562643931646136333330333039363864326438343734386334616333386135
34326630373835316232643066633737613064313165376430663932616431356234363237393635
32633835613964363161333066623933386334353161636331353237383038336562386363303538
39353534303466616637643133616163373434376566636563626330363938353562306637343831
36646531663130653835363835643635333938656338643736363432626162333939636434616633
63366366303235336566376532643039663831323565633162303035383638333662373136623334
36653032386130306162333062323635326664353464376363316261326631613634316565346234
64636430393466333533643430663462303735383636303031613537393037383335613361333466
32616463613465623731373938363433663332303231623264306235393836663831343864313437
62356238326334356234353063336164343461366463383834353364613738646630663531313164
37366531613136656164316331303339353731316136663130326538653837626232356338646166
38653230303330323138623636656235616162326233393038376362363663383963643964383138
63313761386566326565386637366637616135656638623533653066393966343962393061323664
32613231336465346164623136383232313762363531343333623638323038646261336639306663
63656637376163623137363639616135626137663134333130326637666133376665363334653937
63376131393530663331363932373431623836353061353739663865653530353765383436363765
30353430376533363530306535643465346161323339366162326337623161623337313862363061
33313234353362653536633631656664336631373034666562373935613861326165613437383330
65356663646534303165626265303865643631396134643461316136363738623961316238363534
33613434666133663961336135636439346631663665313138323637663463353466303231373838
35646461306461383239376530383963366339366537633165656232653466623136313131666231
63646564326632303631356163333639323138356437333830616531393062343434653637373836
34326139633064636162373636376536346164313033326536636434386231636132653732653063
31373334333263333363633166386236613339623865626335373338666463303132326264623465
31316165646531346466613536383136626666653031383633636466636532376662393230323332
37313938383939386265336136333666633636363130393233313563333332393566653031363739
35376634353136336138323934653466613465633161666666356639303731333837396135663239
65353661666461313066626137333232646234663736653331336636643035343131336263376330
35623561623331383338393132636437623938373537393339666165653063366362626537393931
31336462356166626536613632373962626263393466336463323531356165386234323066323161
35373461386137646234316362326564363635663835343233613430636364646364663637323338
39653132376230656438636133346132613033653831333539333965346239646139326366636232
39306661616234663933313735326362366230346135366534626135616636353963333836333538
61326266326436366534623030373661336638316666373465386666663336393832316139363035
64636133616466393861623635363336643166333363346364643064396466306662383032653130
30636663306339613836313164353332393931656561343563376163333062333737396462363339
33333635656430303165323134306161346462333439326364326437373064303961326433626562
33333535333933646637333966656165376133343830316230633939333335626363646332353163
35396565393438363839363961303335333531633936363361373131656164633766616531666366
34363461643038636334363763636232346639396266333339663038303035376330623834656664
65393433323664366235393565303535313535363461623966326561383562666332663730373361
39386130396432306361663038333635383130346635646538663435343366613566636564613264
66663832626633353731363938666131313635646533383637643033633465373338623662306665
63343832396633346636346464613065313736366434323161373262313636643835316366303838
38323336303133316630303030633363363735373434366137633761326138623139303533393431
61313962306539313833363834633233393632383462636539623033643439373662623466336466
31383833646663343032313235636636633961643337663634353738633232306433326133303438
37363932613235653039343738313138373439656266393430386561366435313131613762636331
64393632316561656131366631636561313438323834663132626136623865626365386334303239
66653431393138663061373736666463343533393264336538356561333564373833343439383164
36353833656435323630303339353332383330306165613631616366653164343964353733336530
38663961333437316630646632633134303531663065356436353936393137633831666533633839
31346232303833623433656438373262656336343763646336383366336230663535393162643935
39323338666131383931313333643366633561353465396263313338633262336364303931366266
63343330333862316437393830373036643434333766356565313365363864653130366133363061
66383765616361356263386431346163636639323633333965313366336562306532666633653264
34366230326234306539333564663831366231376463653637366363346438356639323836613434
64363338386265343630366538393566353434336361633839383937636266326533336235383236
63366530643930383731343939323038346131656161393135323965613134346637303965373439
66613634643632663465323233373465643539616338396537306263333464313635346364613339
32373039623663333738663563643537396166366531313462356130306435383262393666656331
30663735393230326534653166336434656238333536376261653263353334613262313561303964
35326166663030623534383134326332313531623337336537393732623432363132333132663637
61343730386331353761646231336632646661393864303130633264313364303131303635663233
63626161663063306266636134316565613932643531353766323532643961646337373262346266
65303566313866653439633333663232656661613139353433623561386361373161396237663038
36666333333264383733396464363237346561366631633933656364666164653832343131613564
61643635356132663630303330383332383235656265333331356137396435353638376130663532
35633036636239306430623733393036336464616238386461663931303330393830383534363939
36373663663765346664383632313633363937333065373261636261373066313062666562326265
35343538376461303266663761356564323465663031343361306363623730643734326230626539
63663137356534383137343337626536633534653465613834373739316236613938353933616662
34363938653530333938306432643863626332356533666163343765353261666332343237316465
33616531356639633466356532666561623131656635616538396335343339383865366333306133
31316361356336346437626431333434326334333633616565306136333237623862396331303065
34323836356630366333623831626532386238393430346465666339646263656132646536623265
61366130616236303833643534326362363263386230646530393762363539636266633763313636
66383661633131633333623163623936333366303935393034373365633330663931383031323266
65613832353064366632393763393761636539323531336631663333383363383835333332303961
61366536663664383864376332323437643339636466393662663335313138333836353864366630
31643664383836373035383139663464346334343264663832623932396137306263656331636335
35373935323666303733613264623934313139356435613332666631653161636530356536303633
62666531656131323239643835613235343062643230653336363732633432613732316235633232
38313232363666636630353738393763666236373238623934663463393333613933373233613830
61613937616333353766666136303138303661366664623631376665626134663261616661333664
34366534363433393462313433303262336638333735343161626430356133353931383234633063
39636539326433303331356631313038373833326466633532373863656362393437623966646630
64346362323836623330323234613163616662306665356339613439333232633962616637336138
33373466383732353935386262663662636434613264623762356532623165373536306138343338
61383961663531646438663836326430313735356337616261343163616237336235623039346135
39393563616464366131353636656634666636366239396338366335326234613737393566303936
62386466336463333933663165353630616538396430663130326564323564346634613466643030
36613230333833353432356165633563623964396665663866353532656266366135616664313632
30616465313930386563376563333533613263383237323735383730613036316136393033373835
6137
