$ANSIBLE_VAULT;1.1;AES256
64323938353533613338333935633366346534653931646130303133326537316630396139306538
6237313938376161646231633932383837323932643834310a336564633833663035396366616639
32626561313133666465323135323538376366373164356361353531343662316662383235653562
6534326463363664390a633135323763323737616535633364366531333839356666386638333530
66336566333062343837633361373332623961316439386666383632323762303463653437613932
63663138636562363664376462613765303531383533346231396265313563666236613664373966
36613837353165333431393139336234626637316631336164626366303136623935303035636634
38346231376564356466303431333037656638326433366562393339643763613261356563646366
63346463653039663532303730626637323362643637343666333730613037366563376232393430
39643835336365356633643033646338376162653562356264396562323037343830333464356530
64313934646139373334346537353236653032336230643863623066333632343233393232383038
32643038313061626436656233653165646233653238393530666534653333356137366438323532
61366538633537303265663062306532313564373234323435366234393338623661376464393461
36636165663162643239353237613638633666336335643530383964616162353566313437326436
62643863633031343231643236363337383331633237353331633438336166653030346238336539
31356335396464616232393366616332363335326466306162386130343163376635376633376630
66636539623565633761303236616261626165653839643430663566663232393538313564663639
62383764316635326161313836323735623735613733313739656632353038383435623761326534
37346166646566626331346162326161656137396138646363303466653434616130643266393963
63383866366562306565353366633437336631643065303239356662653663356331393536623661
63626536396430353266653562623435633933316337323065323531346533663633613262383931
63653562366365323861353965626661373735386637613866653865373835656166353366306364
36326537386532333735306166653064316535653262306534386337633035643134613733303435
31343866306538666133353061353862326432646466653863333362333531333962623637356166
6361
