$ANSIBLE_VAULT;1.1;AES256
32633432306233616265666536343361643033303363356663353162623838653139353264366437
6334373230386135663736316437313162383637356531320a363637623933666538623338393133
36643534343533333665636332313532346537613762663537353165623163323232323163376538
6134666231343731390a636434396639346435643164666539666463383065393235303532376665
37656638343632636239396437336133303635363232346537386661393034653064343132626665
64333734666331663235643233343664363934303330306664346361353337396337333939643466
35386463666265303734326433373735323433636136396234353063336431386664653862376266
61623533373533643935306366326464383739663637616635383339663934326536373433343936
35333634333063643638363666336362623461383830363265643931376665613630616335633061
66323562313961623931316430363662393737653263313933346535626135653635336166393030
30633939656439306566356233643661613933333234356465643261653966356534353665383965
31643565373333383133633338393838613935613766613638346165346133346235316330393665
66343433303963643535396233636634373638333037306239346536646234383066626331623766
38363036303666303765313532376530343633633561323138346362396363353565326263386363
35306338646336396531316136313039316131313539653666313363663464633766643433383235
66323035393836363032
